#E_pot  E_kin  T  P_ideal P_virial
-3.339181e-05 6.779004e+02 2.717756e+02 7.504534e+02 -1.108966e-04 7.504533e+02
-3.235666e-05 7.167513e+02 2.873512e+02 7.934623e+02 -1.074588e-04 7.934622e+02
-3.177073e-05 7.250129e+02 2.906633e+02 8.026081e+02 -1.055129e-04 8.026080e+02
-3.187463e-05 6.999510e+02 2.806159e+02 7.748640e+02 -1.058580e-04 7.748639e+02
-3.192614e-05 6.937718e+02 2.781385e+02 7.680234e+02 -1.060290e-04 7.680233e+02
-3.174147e-05 7.021139e+02 2.814830e+02 7.772584e+02 -1.054157e-04 7.772583e+02
-3.156628e-05 7.161834e+02 2.871236e+02 7.928337e+02 -1.048339e-04 7.928336e+02
-3.154392e-05 7.081395e+02 2.838987e+02 7.839289e+02 -1.047596e-04 7.839288e+02
-3.174496e-05 7.186813e+02 2.881250e+02 7.955989e+02 -1.054273e-04 7.955988e+02
-3.247494e-05 7.113001e+02 2.851658e+02 7.874278e+02 -1.078516e-04 7.874277e+02
-3.431089e-05 7.401916e+02 2.967486e+02 8.194114e+02 -1.139489e-04 8.194113e+02
-3.778474e-05 7.422884e+02 2.975893e+02 8.217326e+02 -1.254857e-04 8.217325e+02
-4.292801e-05 7.439985e+02 2.982748e+02 8.236257e+02 -1.425668e-04 8.236256e+02
-4.912824e-05 7.276541e+02 2.917223e+02 8.055321e+02 -1.631580e-04 8.055319e+02
-5.587876e-05 7.412366e+02 2.971676e+02 8.205683e+02 -1.855766e-04 8.205681e+02
-6.367634e-05 7.522702e+02 3.015910e+02 8.327827e+02 -2.114725e-04 8.327825e+02
-7.361079e-05 7.878190e+02 3.158428e+02 8.721362e+02 -2.444648e-04 8.721360e+02
-8.561071e-05 7.825334e+02 3.137238e+02 8.662849e+02 -2.843164e-04 8.662846e+02
-1.019233e-04 7.967006e+02 3.194035e+02 8.819683e+02 -3.384898e-04 8.819680e+02
-1.249244e-04 8.054120e+02 3.228960e+02 8.916121e+02 -4.148749e-04 8.916117e+02
-1.548632e-04 7.577857e+02 3.038022e+02 8.388885e+02 -5.142985e-04 8.388880e+02
-1.895624e-04 7.880476e+02 3.159345e+02 8.723893e+02 -6.295288e-04 8.723886e+02
-2.334795e-04 7.856882e+02 3.149886e+02 8.697773e+02 -7.753680e-04 8.697766e+02
-3.001502e-04 7.492775e+02 3.003912e+02 8.294697e+02 -9.967604e-04 8.294687e+02
-3.756637e-04 7.138247e+02 2.861779e+02 7.902225e+02 -1.247508e-03 7.902213e+02
-4.418740e-04 7.041459e+02 2.822976e+02 7.795079e+02 -1.467356e-03 7.795064e+02
-4.939191e-04 7.274249e+02 2.916304e+02 8.052783e+02 -1.640163e-03 8.052767e+02
-5.574493e-04 7.226973e+02 2.897350e+02 8.000448e+02 -1.851099e-03 8.000429e+02
-6.523741e-04 7.733382e+02 3.100374e+02 8.561056e+02 -2.166260e-03 8.561034e+02
-7.414826e-04 7.717302e+02 3.093927e+02 8.543255e+02 -2.462095e-03 8.543230e+02
-8.412885e-04 7.307003e+02 2.929435e+02 8.089042e+02 -2.793429e-03 8.089014e+02
-9.940949e-04 7.319805e+02 2.934567e+02 8.103215e+02 -3.300683e-03 8.103182e+02
-1.155752e-03 7.141736e+02 2.863178e+02 7.906088e+02 -3.837274e-03 7.906050e+02
-1.364235e-03 7.018762e+02 2.813877e+02 7.769952e+02 -4.529232e-03 7.769907e+02
-1.786183e-03 7.126354e+02 2.857011e+02 7.889060e+02 -5.929463e-03 7.889000e+02
-2.697193e-03 7.707115e+02 3.089843e+02 8.531976e+02 -8.951624e-03 8.531887e+02
-4.079717e-03 7.377024e+02 2.957507e+02 8.166558e+02 -1.353533e-02 8.166423e+02
-5.465116e-03 7.250428e+02 2.906753e+02 8.026412e+02 -1.812535e-02 8.026231e+02
-6.928038e-03 6.744656e+02 2.703985e+02 7.466510e+02 -2.296872e-02 7.466280e+02
-7.483253e-03 6.491422e+02 2.602462e+02 7.186173e+02 -2.480595e-02 7.185925e+02
-7.545932e-03 6.620919e+02 2.654378e+02 7.329530e+02 -2.501331e-02 7.329280e+02
-8.198275e-03 6.442485e+02 2.582843e+02 7.131999e+02 -2.717120e-02 7.131727e+02
-9.255260e-03 6.905786e+02 2.768584e+02 7.644885e+02 -3.066611e-02 7.644578e+02
-1.041117e-02 6.964838e+02 2.792258e+02 7.710257e+02 -3.448594e-02 7.709912e+02
-1.101931e-02 7.059523e+02 2.830218e+02 7.815076e+02 -3.649471e-02 7.814711e+02
-1.115620e-02 7.457901e+02 2.989931e+02 8.256091e+02 -3.694676e-02 8.255722e+02
-1.156096e-02 7.135303e+02 2.860599e+02 7.898966e+02 -3.828329e-02 7.898583e+02
-1.238987e-02 6.851185e+02 2.746694e+02 7.584440e+02 -4.101950e-02 7.584030e+02
-1.283587e-02 6.856882e+02 2.748978e+02 7.590747e+02 -4.249127e-02 7.590322e+02
-1.302896e-02 6.981257e+02 2.798841e+02 7.728434e+02 -4.312835e-02 7.728002e+02
-1.326720e-02 6.577603e+02 2.637013e+02 7.281578e+02 -4.391428e-02 7.281139e+02
-1.284296e-02 7.223343e+02 2.895895e+02 7.996429e+02 -4.251465e-02 7.996004e+02
-1.206731e-02 7.337628e+02 2.941713e+02 8.122946e+02 -3.995489e-02 8.122546e+02
-1.203148e-02 7.135267e+02 2.860585e+02 7.898927e+02 -3.983660e-02 7.898529e+02
-1.221935e-02 7.030081e+02 2.818415e+02 7.782483e+02 -4.045672e-02 7.782078e+02
-1.153014e-02 7.215182e+02 2.892623e+02 7.987394e+02 -3.818152e-02 7.987012e+02
-1.076590e-02 6.947830e+02 2.785440e+02 7.691429e+02 -3.565772e-02 7.691073e+02
-1.102299e-02 7.189669e+02 2.882395e+02 7.959151e+02 -3.650683e-02 7.958786e+02
-1.175684e-02 7.534660e+02 3.020704e+02 8.341065e+02 -3.893001e-02 8.340675e+02
-1.240470e-02 7.359950e+02 2.950662e+02 8.147657e+02 -4.106846e-02 8.147246e+02
-1.408578e-02 7.642320e+02 3.063866e+02 8.460247e+02 -4.661408e-02 8.459781e+02
-1.690533e-02 7.878405e+02 3.158514e+02 8.721600e+02 -5.590453e-02 8.721041e+02
-2.068774e-02 7.523170e+02 3.016098e+02 8.328345e+02 -6.834629e-02 8.327662e+02
-2.711535e-02 7.672077e+02 3.075796e+02 8.493189e+02 -8.943268e-02 8.492295e+02
-4.145877e-02 7.999900e+02 3.207223e+02 8.856098e+02 -1.362282e-01 8.854736e+02
-7.006525e-02 7.530285e+02 3.018950e+02 8.336221e+02 -2.284590e-01 8.333937e+02
-1.080648e-01 7.312504e+02 2.931640e+02 8.095133e+02 -3.486124e-01 8.091646e+02
-1.577607e-01 7.158374e+02 2.869848e+02 7.924506e+02 -5.014103e-01 7.919492e+02
-2.090111e-01 7.255064e+02 2.908612e+02 8.031545e+02 -6.534031e-01 8.025011e+02
-2.393545e-01 6.967278e+02 2.793236e+02 7.712958e+02 -7.404974e-01 7.705553e+02
-2.282143e-01 7.087567e+02 2.841461e+02 7.846121e+02 -7.087836e-01 7.839033e+02
-1.792646e-01 6.877812e+02 2.757369e+02 7.613917e+02 -5.659052e-01 7.608258e+02
-1.196008e-01 6.513445e+02 2.611291e+02 7.210553e+02 -3.845326e-01 7.206708e+02
-7.634875e-02 6.447885e+02 2.585008e+02 7.137977e+02 -2.485172e-01 7.135492e+02
-5.156775e-02 6.323442e+02 2.535118e+02 7.000215e+02 -1.689904e-01 6.998525e+02
-3.656497e-02 6.241906e+02 2.502429e+02 6.909953e+02 -1.203030e-01 6.908750e+02
-2.660977e-02 6.681119e+02 2.678513e+02 7.396173e+02 -8.777687e-02 7.395295e+02
-2.280774e-02 6.970758e+02 2.794632e+02 7.716810e+02 -7.530923e-02 7.716057e+02
-2.138248e-02 7.241637e+02 2.903229e+02 8.016681e+02 -7.062906e-02 8.015974e+02
-1.897534e-02 7.471394e+02 2.995340e+02 8.271027e+02 -6.271676e-02 8.270400e+02
-1.685054e-02 7.701041e+02 3.087408e+02 8.525253e+02 -5.572424e-02 8.524696e+02
-1.491670e-02 7.969392e+02 3.194992e+02 8.822325e+02 -4.935349e-02 8.821831e+02
-1.209407e-02 7.573825e+02 3.036406e+02 8.384421e+02 -4.004332e-02 8.384021e+02
-9.672793e-03 7.291458e+02 2.923203e+02 8.071834e+02 -3.204622e-02 8.071513e+02
-7.635763e-03 7.157572e+02 2.869527e+02 7.923619e+02 -2.531055e-02 7.923366e+02
-5.984366e-03 7.313884e+02 2.932193e+02 8.096660e+02 -1.984490e-02 8.096461e+02
-4.601290e-03 7.139011e+02 2.862086e+02 7.903071e+02 -1.526379e-02 7.902918e+02
-3.349463e-03 6.852357e+02 2.747164e+02 7.585737e+02 -1.111464e-02 7.585626e+02
-2.646635e-03 7.102966e+02 2.847635e+02 7.863169e+02 -8.783981e-03 7.863081e+02
-2.244524e-03 7.245282e+02 2.904691e+02 8.020716e+02 -7.450164e-03 8.020642e+02
-1.921747e-03 7.655993e+02 3.069348e+02 8.475384e+02 -6.379305e-03 8.475320e+02
-1.688719e-03 7.766884e+02 3.113805e+02 8.598143e+02 -5.606091e-03 8.598087e+02
-1.533383e-03 7.786121e+02 3.121517e+02 8.619439e+02 -5.090616e-03 8.619388e+02
-1.350816e-03 8.102451e+02 3.248336e+02 8.969624e+02 -4.484721e-03 8.969579e+02
-1.159153e-03 8.412111e+02 3.372481e+02 9.312426e+02 -3.848579e-03 9.312387e+02
-9.905197e-04 8.008392e+02 3.210627e+02 8.865498e+02 -3.288826e-03 8.865466e+02
-8.135863e-04 8.058123e+02 3.230565e+02 8.920553e+02 -2.701470e-03 8.920526e+02
-6.780912e-04 8.356277e+02 3.350097e+02 9.250617e+02 -2.251640e-03 9.250594e+02
-6.034105e-04 8.096830e+02 3.246083e+02 8.963401e+02 -2.003695e-03 8.963381e+02
-5.678735e-04 8.061022e+02 3.231727e+02 8.923761e+02 -1.885706e-03 8.923743e+02
-5.269981e-04 7.444431e+02 2.984531e+02 8.241179e+02 -1.749991e-03 8.241161e+02
-4.907124e-04 7.190860e+02 2.882872e+02 7.960469e+02 -1.629512e-03 7.960453e+02
-4.708989e-04 7.202008e+02 2.887342e+02 7.972811e+02 -1.563724e-03 7.972795e+02
-4.743777e-04 7.078625e+02 2.837876e+02 7.836223e+02 -1.575275e-03 7.836207e+02
-5.131691e-04 7.356712e+02 2.949364e+02 8.144072e+02 -1.704074e-03 8.144055e+02
-5.618345e-04 7.228289e+02 2.897878e+02 8.001904e+02 -1.865653e-03 8.001886e+02
-6.021016e-04 7.292669e+02 2.923688e+02 8.073175e+02 -1.999346e-03 8.073155e+02
-6.212047e-04 7.415636e+02 2.972987e+02 8.209302e+02 -2.062769e-03 8.209281e+02
-6.166101e-04 7.428452e+02 2.978125e+02 8.223490e+02 -2.047514e-03 8.223470e+02
-5.971299e-04 7.515785e+02 3.013137e+02 8.320169e+02 -1.982838e-03 8.320149e+02
-5.536543e-04 7.359059e+02 2.950305e+02 8.146670e+02 -1.838493e-03 8.146652e+02
-5.163633e-04 7.762700e+02 3.112128e+02 8.593511e+02 -1.714679e-03 8.593494e+02
-4.918025e-04 7.762449e+02 3.112027e+02 8.593233e+02 -1.633130e-03 8.593217e+02
-4.517387e-04 8.233404e+02 3.300836e+02 9.114593e+02 -1.500105e-03 9.114578e+02
-4.043412e-04 7.961801e+02 3.191948e+02 8.813921e+02 -1.342727e-03 8.813907e+02
-3.632896e-04 8.051619e+02 3.227957e+02 8.913352e+02 -1.206417e-03 8.913340e+02
-3.188170e-04 7.827949e+02 3.138286e+02 8.665744e+02 -1.058744e-03 8.665733e+02
-2.629305e-04 7.772282e+02 3.115969e+02 8.604118e+02 -8.731661e-04 8.604109e+02
-2.111685e-04 7.662725e+02 3.072047e+02 8.482836e+02 -7.012790e-04 8.482829e+02
-1.688588e-04 8.133872e+02 3.260933e+02 9.004408e+02 -5.607768e-04 9.004402e+02
-1.376101e-04 8.302303e+02 3.328458e+02 9.190865e+02 -4.570043e-04 9.190861e+02
-1.143585e-04 8.030973e+02 3.219680e+02 8.890497e+02 -3.797877e-04 8.890493e+02
-9.564888e-05 7.849304e+02 3.146847e+02 8.689384e+02 -3.176541e-04 8.689380e+02
-8.398579e-05 7.328268e+02 2.937960e+02 8.112584e+02 -2.789212e-04 8.112581e+02
-7.836860e-05 7.231188e+02 2.899040e+02 8.005113e+02 -2.602666e-04 8.005111e+02
-7.601547e-05 7.321901e+02 2.935408e+02 8.105535e+02 -2.524519e-04 8.105533e+02
-7.525679e-05 7.397862e+02 2.965861e+02 8.189626e+02 -2.499324e-04 8.189623e+02
-7.568650e-05 7.170183e+02 2.874583e+02 7.937579e+02 -2.513595e-04 7.937576e+02
-7.819807e-05 6.980604e+02 2.798579e+02 7.727710e+02 -2.597005e-04 7.727708e+02
-8.354876e-05 6.843107e+02 2.743455e+02 7.575497e+02 -2.774704e-04 7.575495e+02
-9.270109e-05 7.022078e+02 2.815206e+02 7.773623e+02 -3.078655e-04 7.773620e+02
-1.052062e-04 7.167745e+02 2.873605e+02 7.934880e+02 -3.493954e-04 7.934877e+02
-1.182831e-04 7.281102e+02 2.919051e+02 8.060370e+02 -3.928237e-04 8.060366e+02
-1.327540e-04 7.110878e+02 2.850807e+02 7.871927e+02 -4.408813e-04 7.871923e+02
-1.518366e-04 7.266748e+02 2.913296e+02 8.044479e+02 -5.042543e-04 8.044474e+02
-1.736536e-04 7.334237e+02 2.940353e+02 8.119191e+02 -5.767079e-04 8.119185e+02
-1.975088e-04 6.989970e+02 2.802334e+02 7.738078e+02 -6.559297e-04 7.738072e+02
-2.254748e-04 6.932231e+02 2.779186e+02 7.674160e+02 -7.488024e-04 7.674152e+02
-2.536404e-04 6.883406e+02 2.759611e+02 7.620109e+02 -8.423370e-04 7.620101e+02
-2.801296e-04 6.793066e+02 2.723393e+02 7.520101e+02 -9.303033e-04 7.520091e+02
-3.041652e-04 6.998431e+02 2.805726e+02 7.747446e+02 -1.010121e-03 7.747435e+02
-3.198641e-04 6.876017e+02 2.756649e+02 7.611930e+02 -1.062253e-03 7.611919e+02
-3.372601e-04 7.156139e+02 2.868952e+02 7.922032e+02 -1.120019e-03 7.922021e+02
-3.672728e-04 7.514844e+02 3.012760e+02 8.319128e+02 -1.219678e-03 8.319115e+02
-4.107032e-04 7.022599e+02 2.815415e+02 7.774201e+02 -1.363888e-03 7.774187e+02
-4.577711e-04 6.935330e+02 2.780428e+02 7.677591e+02 -1.520175e-03 7.677576e+02
-5.050709e-04 7.103983e+02 2.848042e+02 7.864294e+02 -1.677229e-03 7.864277e+02
-5.578790e-04 7.288059e+02 2.921840e+02 8.068071e+02 -1.852567e-03 8.068053e+02
-5.910538e-04 7.838689e+02 3.142592e+02 8.677633e+02 -1.962714e-03 8.677613e+02
-6.078422e-04 7.927301e+02 3.178117e+02 8.775729e+02 -2.018453e-03 8.775709e+02
-6.266173e-04 7.517352e+02 3.013766e+02 8.321905e+02 -2.080786e-03 8.321884e+02
-6.590644e-04 7.456110e+02 2.989213e+02 8.254108e+02 -2.188511e-03 8.254086e+02
-7.283250e-04 7.034931e+02 2.820359e+02 7.787851e+02 -2.418453e-03 7.787827e+02
-8.372641e-04 6.958515e+02 2.789723e+02 7.703257e+02 -2.780113e-03 7.703229e+02
-9.680439e-04 7.539467e+02 3.022631e+02 8.346386e+02 -3.214254e-03 8.346354e+02
-1.043825e-03 7.577497e+02 3.037878e+02 8.388486e+02 -3.465808e-03 8.388452e+02
-1.049343e-03 7.600738e+02 3.047196e+02 8.414215e+02 -3.484123e-03 8.414181e+02
-1.073517e-03 7.618930e+02 3.054489e+02 8.434354e+02 -3.564363e-03 8.434318e+02
-1.118728e-03 7.578583e+02 3.038313e+02 8.389689e+02 -3.714433e-03 8.389652e+02
-1.186268e-03 7.438781e+02 2.982266e+02 8.234924e+02 -3.938611e-03 8.234885e+02
-1.254615e-03 7.039248e+02 2.822090e+02 7.792631e+02 -4.165458e-03 7.792589e+02
-1.322826e-03 7.655158e+02 3.069013e+02 8.474459e+02 -4.391847e-03 8.474415e+02
-1.494173e-03 7.705993e+02 3.089393e+02 8.530734e+02 -4.960506e-03 8.530685e+02
-1.770840e-03 7.704220e+02 3.088682e+02 8.528772e+02 -5.878599e-03 8.528713e+02
-2.194366e-03 7.662921e+02 3.072125e+02 8.483053e+02 -7.283790e-03 8.482980e+02
-3.106632e-03 7.681316e+02 3.079500e+02 8.503417e+02 -1.030953e-02 8.503314e+02
-4.516640e-03 7.776910e+02 3.117824e+02 8.609242e+02 -1.498340e-02 8.609092e+02
-6.221621e-03 7.892382e+02 3.164118e+02 8.737072e+02 -2.063060e-02 8.736866e+02
-8.736602e-03 8.495904e+02 3.406075e+02 9.405187e+02 -2.895175e-02 9.404898e+02
-1.264686e-02 8.218648e+02 3.294921e+02 9.098258e+02 -4.186814e-02 9.097839e+02
-1.881682e-02 7.605454e+02 3.049086e+02 8.419436e+02 -6.219591e-02 8.418814e+02
-2.441007e-02 7.374905e+02 2.956657e+02 8.164211e+02 -8.056726e-02 8.163406e+02
-2.519633e-02 7.794078e+02 3.124707e+02 8.628248e+02 -8.314543e-02 8.627416e+02
-2.332685e-02 7.835440e+02 3.141290e+02 8.674037e+02 -7.701347e-02 8.673267e+02
-2.216853e-02 8.129624e+02 3.259230e+02 8.999706e+02 -7.321115e-02 8.998974e+02
-2.302906e-02 8.027336e+02 3.218222e+02 8.886470e+02 -7.603616e-02 8.885709e+02
-2.700942e-02 8.098836e+02 3.246887e+02 8.965622e+02 -8.908656e-02 8.964731e+02
-3.057820e-02 7.642676e+02 3.064009e+02 8.460641e+02 -1.007641e-01 8.459633e+02
-2.973573e-02 7.813445e+02 3.132471e+02 8.649687e+02 -9.800934e-02 8.648707e+02
-2.670116e-02 7.725867e+02 3.097361e+02 8.552736e+02 -8.807669e-02 8.551855e+02
-2.300784e-02 7.575909e+02 3.037241e+02 8.386728e+02 -7.596637e-02 8.385968e+02
-2.116793e-02 7.210993e+02 2.890944e+02 7.982758e+02 -6.992454e-02 7.982058e+02
-2.201522e-02 6.979703e+02 2.798218e+02 7.726713e+02 -7.270758e-02 7.725986e+02
-2.223460e-02 7.332742e+02 2.939754e+02 8.117537e+02 -7.342795e-02 8.116802e+02
-1.844271e-02 7.045866e+02 2.824743e+02 7.799957e+02 -6.096496e-02 7.799347e+02
-1.500298e-02 7.250969e+02 2.906970e+02 8.027012e+02 -4.963812e-02 8.026515e+02
-1.270104e-02 6.956470e+02 2.788903e+02 7.700993e+02 -4.204672e-02 7.700573e+02
-1.045174e-02 7.106718e+02 2.849139e+02 7.867322e+02 -3.462022e-02 7.866976e+02
-8.593607e-03 7.135026e+02 2.860488e+02 7.898659e+02 -2.847876e-02 7.898375e+02
-6.844084e-03 7.013728e+02 2.811859e+02 7.764380e+02 -2.269098e-02 7.764153e+02
-5.621414e-03 7.121247e+02 2.854964e+02 7.883406e+02 -1.864309e-02 7.883219e+02
-4.864982e-03 7.488315e+02 3.002124e+02 8.289760e+02 -1.613751e-02 8.289599e+02
-4.172811e-03 7.534635e+02 3.020694e+02 8.341037e+02 -1.384395e-02 8.340899e+02
-3.601308e-03 6.964160e+02 2.791986e+02 7.709506e+02 -1.194963e-02 7.709387e+02
-3.458797e-03 6.956445e+02 2.788893e+02 7.700966e+02 -1.147718e-02 7.700851e+02
-3.810973e-03 7.251955e+02 2.907366e+02 8.028103e+02 -1.264468e-02 8.027977e+02
-4.201738e-03 7.033649e+02 2.819845e+02 7.786433e+02 -1.393985e-02 7.786293e+02
-4.404823e-03 7.209692e+02 2.890422e+02 7.981316e+02 -1.461287e-02 7.981170e+02
-4.677820e-03 7.076090e+02 2.836860e+02 7.833416e+02 -1.551746e-02 7.833261e+02
-4.679136e-03 7.542133e+02 3.023700e+02 8.349337e+02 -1.552182e-02 8.349182e+02
-4.310055e-03 7.566916e+02 3.033636e+02 8.376773e+02 -1.429881e-02 8.376630e+02
-3.994513e-03 7.707976e+02 3.090188e+02 8.532930e+02 -1.325303e-02 8.532797e+02
-3.805869e-03 7.610938e+02 3.051285e+02 8.425507e+02 -1.262774e-02 8.425380e+02
-3.749559e-03 7.503127e+02 3.008062e+02 8.306157e+02 -1.244107e-02 8.306033e+02
-4.093165e-03 7.306607e+02 2.929276e+02 8.088604e+02 -1.357997e-02 8.088468e+02
-4.689959e-03 7.404644e+02 2.968580e+02 8.197134e+02 -1.555761e-02 8.196979e+02
-4.786124e-03 7.375543e+02 2.956913e+02 8.164919e+02 -1.587623e-02 8.164760e+02
-4.282689e-03 7.042041e+02 2.823209e+02 7.795723e+02 -1.420807e-02 7.795581e+02
-3.500095e-03 7.097743e+02 2.845541e+02 7.857387e+02 -1.161406e-02 7.857271e+02
-2.947044e-03 6.791617e+02 2.722813e+02 7.518497e+02 -9.780280e-03 7.518400e+02
-2.742419e-03 6.990288e+02 2.802461e+02 7.738431e+02 -9.101663e-03 7.738339e+02
-2.508316e-03 7.233243e+02 2.899864e+02 8.007388e+02 -8.325205e-03 8.007305e+02
-2.249916e-03 6.865636e+02 2.752488e+02 7.600438e+02 -7.468051e-03 7.600364e+02
-1.923316e-03 7.120959e+02 2.854848e+02 7.883087e+02 -6.384506e-03 7.883023e+02
-1.460319e-03 7.861332e+02 3.151670e+02 8.702700e+02 -4.848138e-03 8.702651e+02
-1.133124e-03 7.592891e+02 3.044050e+02 8.405528e+02 -3.762190e-03 8.405490e+02
-9.664717e-04 7.478305e+02 2.998111e+02 8.278679e+02 -3.209009e-03 8.278647e+02
-8.607171e-04 7.459220e+02 2.990460e+02 8.257550e+02 -2.857946e-03 8.257522e+02
-7.693234e-04 7.380131e+02 2.958752e+02 8.169997e+02 -2.554541e-03 8.169972e+02
-6.790714e-04 7.472292e+02 2.995701e+02 8.272022e+02 -2.254912e-03 8.272000e+02
-6.020928e-04 7.511124e+02 3.011269e+02 8.315010e+02 -1.999338e-03 8.314990e+02
-5.329499e-04 6.992982e+02 2.803541e+02 7.741413e+02 -1.769770e-03 7.741395e+02
-4.623431e-04 7.266308e+02 2.913120e+02 8.043993e+02 -1.535333e-03 8.043977e+02
-4.035983e-04 6.993146e+02 2.803607e+02 7.741595e+02 -1.340275e-03 7.741581e+02
-3.594083e-04 7.216860e+02 2.893296e+02 7.989252e+02 -1.193542e-03 7.989240e+02
-3.201303e-04 7.191741e+02 2.883225e+02 7.961445e+02 -1.063117e-03 7.961434e+02
-2.820021e-04 7.128023e+02 2.857681e+02 7.890908e+02 -9.365069e-04 7.890898e+02
-2.500261e-04 7.194857e+02 2.884474e+02 7.964894e+02 -8.303242e-04 7.964885e+02
-2.287294e-04 7.134415e+02 2.860243e+02 7.897983e+02 -7.596029e-04 7.897975e+02
-2.127786e-04 7.231512e+02 2.899170e+02 8.005472e+02 -7.066336e-04 8.005465e+02
-2.004012e-04 7.286047e+02 2.921033e+02 8.065843e+02 -6.655303e-04 8.065837e+02
-1.954847e-04 7.487493e+02 3.001795e+02 8.288850e+02 -6.492034e-04 8.288844e+02
-1.937196e-04 7.602941e+02 3.048079e+02 8.416654e+02 -6.433420e-04 8.416647e+02
-1.907178e-04 7.360009e+02 2.950685e+02 8.147721e+02 -6.333738e-04 8.147715e+02
-1.856979e-04 7.401757e+02 2.967423e+02 8.193938e+02 -6.167037e-04 8.193932e+02
-1.819670e-04 7.233846e+02 2.900106e+02 8.008056e+02 -6.043139e-04 8.008050e+02
-1.818032e-04 7.173155e+02 2.875774e+02 7.940869e+02 -6.037704e-04 7.940863e+02
-1.788368e-04 7.336322e+02 2.941189e+02 8.121499e+02 -5.939191e-04 8.121493e+02
-1.750362e-04 7.367728e+02 2.953780e+02 8.156266e+02 -5.812976e-04 8.156261e+02
-1.709127e-04 7.427220e+02 2.977631e+02 8.222126e+02 -5.676040e-04 8.222120e+02
-1.605854e-04 7.442144e+02 2.983614e+02 8.238648e+02 -5.333075e-04 8.238642e+02
-1.451871e-04 7.272232e+02 2.915495e+02 8.050551e+02 -4.821706e-04 8.050546e+02
-1.285560e-04 7.178618e+02 2.877964e+02 7.946917e+02 -4.269389e-04 7.946913e+02
-1.138009e-04 6.960305e+02 2.790441e+02 7.705239e+02 -3.779374e-04 7.705235e+02
-1.019517e-04 7.112464e+02 2.851442e+02 7.873682e+02 -3.385862e-04 7.873679e+02
-9.289734e-05 7.220268e+02 2.894662e+02 7.993024e+02 -3.085167e-04 7.993021e+02
-8.510888e-05 7.167985e+02 2.873701e+02 7.935146e+02 -2.826511e-04 7.935143e+02
-7.884997e-05 7.097709e+02 2.845527e+02 7.857349e+02 -2.618651e-04 7.857346e+02
-7.409393e-05 6.846855e+02 2.744958e+02 7.579647e+02 -2.460702e-04 7.579644e+02
-7.099521e-05 6.880062e+02 2.758271e+02 7.616408e+02 -2.357792e-04 7.616406e+02
-6.772531e-05 7.100039e+02 2.846461e+02 7.859928e+02 -2.249198e-04 7.859926e+02
-6.230413e-05 7.028087e+02 2.817615e+02 7.780275e+02 -2.069158e-04 7.780273e+02
-5.646933e-05 7.217763e+02 2.893658e+02 7.990251e+02 -1.875383e-04 7.990250e+02
-5.134825e-05 7.105184e+02 2.848524e+02 7.865624e+02 -1.705310e-04 7.865622e+02
-4.675014e-05 7.116679e+02 2.853133e+02 7.878349e+02 -1.552604e-04 7.878348e+02
-4.241683e-05 6.865745e+02 2.752531e+02 7.600559e+02 -1.408693e-04 7.600557e+02
-3.928421e-05 6.665488e+02 2.672247e+02 7.378869e+02 -1.304657e-04 7.378868e+02
-3.755803e-05 6.940852e+02 2.782642e+02 7.683704e+02 -1.247329e-04 7.683703e+02
-3.651814e-05 6.630280e+02 2.658131e+02 7.339892e+02 -1.212794e-04 7.339891e+02
-3.556476e-05 6.957859e+02 2.789460e+02 7.702531e+02 -1.181132e-04 7.702530e+02
-3.506822e-05 7.494850e+02 3.004744e+02 8.296994e+02 -1.164641e-04 8.296993e+02
-3.529560e-05 7.317989e+02 2.933839e+02 8.101205e+02 -1.172193e-04 8.101204e+02
-3.606259e-05 7.222325e+02 2.895487e+02 7.995302e+02 -1.197665e-04 7.995301e+02
-3.718628e-05 7.244241e+02 2.904273e+02 8.019563e+02 -1.234983e-04 8.019562e+02
-3.816257e-05 6.962611e+02 2.791365e+02 7.707792e+02 -1.267406e-04 7.707791e+02
-3.912696e-05 6.682074e+02 2.678896e+02 7.397229e+02 -1.299434e-04 7.397228e+02
-4.036133e-05 7.229066e+02 2.898189e+02 8.002765e+02 -1.340428e-04 8.002763e+02
-4.220192e-05 7.146132e+02 2.864940e+02 7.910954e+02 -1.401556e-04 7.910953e+02
-4.479079e-05 7.404325e+02 2.968452e+02 8.196781e+02 -1.487533e-04 8.196780e+02
-4.804009e-05 7.511821e+02 3.011548e+02 8.315782e+02 -1.595444e-04 8.315780e+02
-5.159021e-05 7.859553e+02 3.150957e+02 8.700730e+02 -1.713346e-04 8.700728e+02
-5.565818e-05 7.733182e+02 3.100293e+02 8.560834e+02 -1.848445e-04 8.560832e+02
-5.985404e-05 7.546269e+02 3.025359e+02 8.353917e+02 -1.987791e-04 8.353915e+02
-6.290413e-05 7.964477e+02 3.193021e+02 8.816883e+02 -2.089085e-04 8.816881e+02
-6.587227e-05 7.780974e+02 3.119453e+02 8.613740e+02 -2.187658e-04 8.613738e+02
-6.868771e-05 7.481792e+02 2.999509e+02 8.282539e+02 -2.281159e-04 8.282537e+02
-7.121013e-05 7.565249e+02 3.032968e+02 8.374928e+02 -2.364928e-04 8.374926e+02
-7.402286e-05 7.709146e+02 3.090657e+02 8.534225e+02 -2.458339e-04 8.534223e+02
-7.652371e-05 7.342855e+02 2.943808e+02 8.128732e+02 -2.541392e-04 8.128729e+02
-7.745173e-05 7.174900e+02 2.876474e+02 7.942801e+02 -2.572211e-04 7.942799e+02
-7.744695e-05 7.444802e+02 2.984679e+02 8.241589e+02 -2.572052e-04 8.241587e+02
-7.546080e-05 7.544294e+02 3.024567e+02 8.351729e+02 -2.506092e-04 8.351727e+02
-7.117066e-05 7.411217e+02 2.971215e+02 8.204411e+02 -2.363616e-04 8.204408e+02
-6.806995e-05 7.403201e+02 2.968001e+02 8.195536e+02 -2.260641e-04 8.195534e+02
-6.514993e-05 7.490467e+02 3.002987e+02 8.292142e+02 -2.163666e-04 8.292140e+02
-6.263594e-05 7.766788e+02 3.113766e+02 8.598036e+02 -2.080176e-04 8.598034e+02
-6.208546e-05 7.669816e+02 3.074889e+02 8.490686e+02 -2.061895e-04 8.490684e+02
-6.277049e-05 7.540941e+02 3.023223e+02 8.348019e+02 -2.084645e-04 8.348017e+02
-6.417367e-05 7.720184e+02 3.095083e+02 8.546445e+02 -2.131244e-04 8.546443e+02
-6.445648e-05 7.223799e+02 2.896078e+02 7.996934e+02 -2.140636e-04 7.996932e+02
-6.370262e-05 7.195205e+02 2.884614e+02 7.965280e+02 -2.115601e-04 7.965278e+02
-6.258643e-05 7.464691e+02 2.992653e+02 8.263607e+02 -2.078532e-04 8.263605e+02
-6.030726e-05 7.628790e+02 3.058442e+02 8.445269e+02 -2.002841e-04 8.445267e+02
-5.865151e-05 7.667893e+02 3.074118e+02 8.488557e+02 -1.947853e-04 8.488555e+02
-5.826181e-05 7.233051e+02 2.899787e+02 8.007175e+02 -1.934911e-04 8.007174e+02
-5.809759e-05 6.959572e+02 2.790147e+02 7.704427e+02 -1.929458e-04 7.704425e+02
-5.904467e-05 6.845100e+02 2.744254e+02 7.577704e+02 -1.960911e-04 7.577702e+02
-6.067924e-05 6.822141e+02 2.735050e+02 7.552288e+02 -2.015196e-04 7.552286e+02
-6.156114e-05 6.799100e+02 2.725813e+02 7.526781e+02 -2.044484e-04 7.526779e+02
-6.215109e-05 6.920151e+02 2.774343e+02 7.660788e+02 -2.064077e-04 7.660786e+02
-6.166410e-05 7.035331e+02 2.820519e+02 7.788294e+02 -2.047904e-04 7.788292e+02
-5.970865e-05 7.532494e+02 3.019836e+02 8.338667e+02 -1.982963e-04 8.338665e+02
-5.643236e-05 7.741715e+02 3.103714e+02 8.570280e+02 -1.874157e-04 8.570278e+02
-5.323501e-05 7.171272e+02 2.875019e+02 7.938785e+02 -1.767972e-04 7.938783e+02
-5.066005e-05 7.543028e+02 3.024059e+02 8.350328e+02 -1.682456e-04 8.350326e+02
-4.852886e-05 7.283023e+02 2.919821e+02 8.062496e+02 -1.611678e-04 8.062494e+02
-4.785523e-05 7.256019e+02 2.908995e+02 8.032602e+02 -1.589306e-04 8.032601e+02
-4.865292e-05 7.445439e+02 2.984935e+02 8.242295e+02 -1.615798e-04 8.242294e+02
-5.031998e-05 7.387618e+02 2.961754e+02 8.178285e+02 -1.671162e-04 8.178284e+02
-5.221873e-05 7.337074e+02 2.941490e+02 8.122332e+02 -1.734221e-04 8.122330e+02
-5.434573e-05 7.761705e+02 3.111729e+02 8.592410e+02 -1.804860e-04 8.592408e+02
-5.616664e-05 7.843001e+02 3.144321e+02 8.682406e+02 -1.865333e-04 8.682404e+02
-5.687386e-05 8.059020e+02 3.230924e+02 8.921545e+02 -1.888820e-04 8.921543e+02
-5.712048e-05 7.964048e+02 3.192849e+02 8.816409e+02 -1.897010e-04 8.816407e+02
-5.724699e-05 7.848825e+02 3.146656e+02 8.688854e+02 -1.901212e-04 8.688852e+02
-5.757059e-05 7.976465e+02 3.197827e+02 8.830154e+02 -1.911959e-04 8.830153e+02
-5.737683e-05 7.782481e+02 3.120058e+02 8.615409e+02 -1.905524e-04 8.615407e+02
-5.588457e-05 7.956482e+02 3.189816e+02 8.808033e+02 -1.855965e-04 8.808031e+02
-5.415725e-05 7.876154e+02 3.157612e+02 8.719108e+02 -1.798600e-04 8.719106e+02
-5.297676e-05 8.093351e+02 3.244688e+02 8.959550e+02 -1.759395e-04 8.959548e+02
-5.137199e-05 8.069093e+02 3.234963e+02 8.932696e+02 -1.706100e-04 8.932694e+02
-4.868524e-05 8.287798e+02 3.322643e+02 9.174809e+02 -1.616871e-04 9.174807e+02
-4.558465e-05 7.922436e+02 3.176167e+02 8.770343e+02 -1.513899e-04 8.770342e+02
-4.294181e-05 7.821619e+02 3.135748e+02 8.658736e+02 -1.426128e-04 8.658734e+02
-4.131424e-05 7.636039e+02 3.061348e+02 8.453295e+02 -1.372075e-04 8.453293e+02
-4.043730e-05 7.761375e+02 3.111596e+02 8.592045e+02 -1.342952e-04 8.592043e+02
-3.980550e-05 7.594846e+02 3.044834e+02 8.407693e+02 -1.321969e-04 8.407692e+02
-3.966025e-05 7.841990e+02 3.143915e+02 8.681287e+02 -1.317145e-04 8.681286e+02
-4.004838e-05 8.176576e+02 3.278054e+02 9.051683e+02 -1.330035e-04 9.051682e+02
-4.050953e-05 7.410289e+02 2.970843e+02 8.203383e+02 -1.345350e-04 8.203381e+02
-4.138619e-05 6.995498e+02 2.804550e+02 7.744199e+02 -1.374464e-04 7.744198e+02
-4.286082e-05 7.389726e+02 2.962599e+02 8.180619e+02 -1.423437e-04 8.180618e+02
-4.409416e-05 7.277906e+02 2.917770e+02 8.056831e+02 -1.464397e-04 8.056830e+02
-4.497343e-05 7.530291e+02 3.018953e+02 8.336228e+02 -1.493598e-04 8.336227e+02
-4.600706e-05 7.521447e+02 3.015407e+02 8.326438e+02 -1.527924e-04 8.326436e+02
-4.644578e-05 7.598297e+02 3.046217e+02 8.411512e+02 -1.542494e-04 8.411511e+02
-4.667665e-05 7.357897e+02 2.949839e+02 8.145383e+02 -1.550162e-04 8.145382e+02
-4.771932e-05 7.448864e+02 2.986308e+02 8.246087e+02 -1.584789e-04 8.246085e+02
-4.995682e-05 7.321300e+02 2.935167e+02 8.104870e+02 -1.659097e-04 8.104869e+02
-5.323438e-05 7.672316e+02 3.075892e+02 8.493453e+02 -1.767946e-04 8.493452e+02
-5.718804e-05 8.414651e+02 3.373500e+02 9.315238e+02 -1.899247e-04 9.315236e+02
-6.130389e-05 8.027936e+02 3.218463e+02 8.887135e+02 -2.035935e-04 8.887133e+02
-6.285829e-05 7.592883e+02 3.044046e+02 8.405519e+02 -2.087557e-04 8.405517e+02
-6.200098e-05 7.592030e+02 3.043704e+02 8.404575e+02 -2.059085e-04 8.404573e+02
-6.035042e-05 7.586561e+02 3.041512e+02 8.398520e+02 -2.004270e-04 8.398518e+02
-5.832268e-05 7.374798e+02 2.956614e+02 8.164093e+02 -1.936929e-04 8.164091e+02
-5.621509e-05 7.442361e+02 2.983701e+02 8.238887e+02 -1.866935e-04 8.238885e+02
-5.523481e-05 7.668916e+02 3.074529e+02 8.489690e+02 -1.834380e-04 8.489688e+02
-5.477697e-05 7.566671e+02 3.033538e+02 8.376502e+02 -1.819176e-04 8.376500e+02
-5.321206e-05 7.803702e+02 3.128565e+02 8.638901e+02 -1.767204e-04 8.638900e+02
-5.117055e-05 7.621956e+02 3.055702e+02 8.437704e+02 -1.699405e-04 8.437702e+02
-4.746518e-05 7.564559e+02 3.032691e+02 8.374163e+02 -1.576349e-04 8.374162e+02
-4.273523e-05 7.573049e+02 3.036095e+02 8.383562e+02 -1.419265e-04 8.383561e+02
-3.891662e-05 7.780096e+02 3.119101e+02 8.612768e+02 -1.292448e-04 8.612767e+02
-3.596753e-05 7.318460e+02 2.934028e+02 8.101725e+02 -1.194507e-04 8.101724e+02
-3.372784e-05 7.235628e+02 2.900820e+02 8.010029e+02 -1.120126e-04 8.010028e+02
-3.249447e-05 7.763209e+02 3.112331e+02 8.594074e+02 -1.079165e-04 8.594073e+02
-3.217338e-05 7.795117e+02 3.125124e+02 8.629398e+02 -1.068501e-04 8.629397e+02
-3.268320e-05 7.813948e+02 3.132673e+02 8.650244e+02 -1.085432e-04 8.650243e+02
-3.413041e-05 7.773038e+02 3.116272e+02 8.604956e+02 -1.133495e-04 8.604955e+02
-3.639549e-05 8.185931e+02 3.281804e+02 9.062039e+02 -1.208719e-04 9.062038e+02
-3.918406e-05 7.990044e+02 3.203271e+02 8.845187e+02 -1.301329e-04 8.845186e+02
-4.251929e-05 8.364499e+02 3.353393e+02 9.259719e+02 -1.412093e-04 9.259717e+02
-4.586973e-05 7.492640e+02 3.003858e+02 8.294547e+02 -1.523362e-04 8.294546e+02
-4.837526e-05 7.363289e+02 2.952000e+02 8.151353e+02 -1.606571e-04 8.151351e+02
-4.963078e-05 7.439229e+02 2.982445e+02 8.235421e+02 -1.648267e-04 8.235419e+02
-4.863138e-05 7.242064e+02 2.903400e+02 8.017153e+02 -1.615077e-04 8.017152e+02
-4.572602e-05 7.239845e+02 2.902511e+02 8.014697e+02 -1.518589e-04 8.014696e+02
-4.263269e-05 7.390413e+02 2.962875e+02 8.181380e+02 -1.415859e-04 8.181378e+02
-4.003897e-05 7.495420e+02 3.004973e+02 8.297625e+02 -1.329720e-04 8.297623e+02
-3.801071e-05 7.793703e+02 3.124557e+02 8.627832e+02 -1.262361e-04 8.627831e+02
-3.609510e-05 7.739312e+02 3.102751e+02 8.567620e+02 -1.198743e-04 8.567619e+02
-3.459122e-05 8.123604e+02 3.256817e+02 8.993041e+02 -1.148798e-04 8.993040e+02
-3.409261e-05 7.854668e+02 3.148998e+02 8.695322e+02 -1.132240e-04 8.695321e+02
-3.438668e-05 7.654841e+02 3.068886e+02 8.474109e+02 -1.142006e-04 8.474108e+02
-3.480535e-05 7.676542e+02 3.077586e+02 8.498132e+02 -1.155911e-04 8.498131e+02
-3.508044e-05 7.471891e+02 2.995540e+02 8.271578e+02 -1.165047e-04 8.271576e+02
-3.538549e-05 7.473233e+02 2.996078e+02 8.273063e+02 -1.175178e-04 8.273062e+02
-3.525607e-05 7.356640e+02 2.949335e+02 8.143992e+02 -1.170880e-04 8.143991e+02
-3.412957e-05 7.827192e+02 3.137983e+02 8.664905e+02 -1.133468e-04 8.664904e+02
-3.248177e-05 8.125632e+02 3.257630e+02 8.995286e+02 -1.078743e-04 8.995285e+02
-3.116136e-05 8.364656e+02 3.353456e+02 9.259892e+02 -1.034892e-04 9.259891e+02
-3.036807e-05 8.498616e+02 3.407162e+02 9.408189e+02 -1.008546e-04 9.408188e+02
-2.985768e-05 8.573128e+02 3.437034e+02 9.490676e+02 -9.915958e-05 9.490675e+02
-2.954822e-05 9.153410e+02 3.669674e+02 1.013306e+03 -9.813185e-05 1.013306e+03
-2.922602e-05 8.809361e+02 3.531742e+02 9.752192e+02 -9.706180e-05 9.752191e+02
-2.896233e-05 8.805569e+02 3.530222e+02 9.747994e+02 -9.618607e-05 9.747993e+02
-2.876043e-05 9.139909e+02 3.664261e+02 1.011812e+03 -9.551556e-05 1.011812e+03
-2.859868e-05 9.106241e+02 3.650764e+02 1.008085e+03 -9.497838e-05 1.008085e+03
-2.870089e-05 8.731147e+02 3.500385e+02 9.665607e+02 -9.531783e-05 9.665606e+02
-2.886348e-05 8.417102e+02 3.374482e+02 9.317951e+02 -9.585779e-05 9.317950e+02
-2.891109e-05 8.190887e+02 3.283791e+02 9.067525e+02 -9.601592e-05 9.067524e+02
-2.889564e-05 7.688077e+02 3.082210e+02 8.510902e+02 -9.596460e-05 8.510901e+02
-2.894824e-05 7.492715e+02 3.003888e+02 8.294631e+02 -9.613930e-05 8.294630e+02
-2.908588e-05 7.802974e+02 3.128274e+02 8.638096e+02 -9.659639e-05 8.638095e+02
-2.887598e-05 7.777734e+02 3.118155e+02 8.610154e+02 -9.589930e-05 8.610153e+02
-2.828457e-05 7.880945e+02 3.159533e+02 8.724411e+02 -9.393520e-05 8.724410e+02
-2.783421e-05 7.463057e+02 2.991998e+02 8.261799e+02 -9.243951e-05 8.261798e+02
-2.771520e-05 7.268776e+02 2.914109e+02 8.046724e+02 -9.204429e-05 8.046723e+02
-2.772087e-05 6.871450e+02 2.754818e+02 7.606874e+02 -9.206311e-05 7.606873e+02
-2.744912e-05 7.168853e+02 2.874050e+02 7.936107e+02 -9.116061e-05 7.936106e+02
-2.665417e-05 7.207304e+02 2.889465e+02 7.978673e+02 -8.852050e-05 7.978673e+02
-2.564092e-05 7.037952e+02 2.821570e+02 7.791197e+02 -8.515543e-05 7.791196e+02
-2.485251e-05 7.544166e+02 3.024515e+02 8.351588e+02 -8.253707e-05 8.351587e+02
-2.408732e-05 7.351337e+02 2.947209e+02 8.138122e+02 -7.999584e-05 8.138121e+02
-2.341310e-05 7.477527e+02 2.997799e+02 8.277817e+02 -7.775667e-05 8.277817e+02
-2.290815e-05 7.628006e+02 3.058128e+02 8.444402e+02 -7.607972e-05 8.444401e+02
-2.254332e-05 7.721822e+02 3.095739e+02 8.548258e+02 -7.486808e-05 8.548258e+02
-2.267836e-05 7.659560e+02 3.070778e+02 8.479332e+02 -7.531657e-05 8.479332e+02
-2.323817e-05 7.670828e+02 3.075295e+02 8.491806e+02 -7.717574e-05 8.491805e+02
-2.384322e-05 7.202326e+02 2.887469e+02 7.973162e+02 -7.918513e-05 7.973162e+02
-2.460849e-05 7.332498e+02 2.939656e+02 8.117266e+02 -8.172666e-05 8.117265e+02
-2.536431e-05 7.485542e+02 3.001012e+02 8.286689e+02 -8.423678e-05 8.286689e+02
-2.588678e-05 7.853563e+02 3.148555e+02 8.694099e+02 -8.597196e-05 8.694098e+02
-2.638576e-05 7.368195e+02 2.953967e+02 8.156784e+02 -8.762910e-05 8.156783e+02
-2.688823e-05 7.592338e+02 3.043828e+02 8.404916e+02 -8.929784e-05 8.404915e+02
-2.765787e-05 7.547002e+02 3.025652e+02 8.354728e+02 -9.185386e-05 8.354727e+02
-2.868754e-05 7.944948e+02 3.185192e+02 8.795264e+02 -9.527348e-05 8.795264e+02
-2.977121e-05 7.769319e+02 3.114781e+02 8.600839e+02 -9.887242e-05 8.600838e+02
-3.066994e-05 7.696301e+02 3.085508e+02 8.520006e+02 -1.018572e-04 8.520005e+02
-3.159374e-05 7.974143e+02 3.196897e+02 8.827584e+02 -1.049252e-04 8.827583e+02
-3.238897e-05 7.920538e+02 3.175406e+02 8.768242e+02 -1.075662e-04 8.768241e+02
-3.273767e-05 7.922352e+02 3.176133e+02 8.770250e+02 -1.087242e-04 8.770249e+02
-3.314051e-05 7.678552e+02 3.078392e+02 8.500357e+02 -1.100621e-04 8.500356e+02
-3.379990e-05 7.549166e+02 3.026520e+02 8.357124e+02 -1.122520e-04 8.357123e+02
-3.467700e-05 7.342197e+02 2.943545e+02 8.128004e+02 -1.151649e-04 8.128002e+02
-3.536643e-05 7.893238e+02 3.164461e+02 8.738021e+02 -1.174545e-04 8.738019e+02
-3.570764e-05 7.821485e+02 3.135695e+02 8.658588e+02 -1.185877e-04 8.658586e+02
-3.577811e-05 7.558116e+02 3.030108e+02 8.367031e+02 -1.188217e-04 8.367030e+02
-3.572173e-05 7.755261e+02 3.109145e+02 8.585275e+02 -1.186345e-04 8.585274e+02
-3.592349e-05 7.833854e+02 3.140653e+02 8.672280e+02 -1.193045e-04 8.672279e+02
-3.592512e-05 7.751213e+02 3.107522e+02 8.580795e+02 -1.193099e-04 8.580794e+02
-3.566582e-05 7.205839e+02 2.888877e+02 7.977051e+02 -1.184488e-04 7.977050e+02
-3.567407e-05 7.275890e+02 2.916962e+02 8.054600e+02 -1.184762e-04 8.054599e+02
-3.577883e-05 7.577303e+02 3.037800e+02 8.388272e+02 -1.188241e-04 8.388271e+02
-3.594000e-05 7.621455e+02 3.055501e+02 8.437149e+02 -1.193594e-04 8.437148e+02
-3.633519e-05 7.571234e+02 3.035367e+02 8.381553e+02 -1.206718e-04 8.381552e+02
-3.650784e-05 7.498749e+02 3.006307e+02 8.301310e+02 -1.212452e-04 8.301309e+02
-3.605723e-05 6.837225e+02 2.741097e+02 7.568986e+02 -1.197487e-04 7.568985e+02
-3.589394e-05 7.064780e+02 2.832326e+02 7.820895e+02 -1.192064e-04 7.820894e+02
-3.643864e-05 7.105243e+02 2.848548e+02 7.865689e+02 -1.210154e-04 7.865688e+02
-3.704551e-05 6.924997e+02 2.776286e+02 7.666152e+02 -1.230309e-04 7.666151e+02
-3.758554e-05 7.184973e+02 2.880512e+02 7.953952e+02 -1.248243e-04 7.953951e+02
-3.812644e-05 7.866121e+02 3.153590e+02 8.708000e+02 -1.266207e-04 8.707999e+02
-3.902705e-05 8.003962e+02 3.208851e+02 8.860594e+02 -1.296116e-04 8.860593e+02
-4.033294e-05 7.947441e+02 3.186192e+02 8.798024e+02 -1.339486e-04 8.798023e+02
-4.192010e-05 7.796349e+02 3.125618e+02 8.630761e+02 -1.392196e-04 8.630760e+02
-4.378639e-05 7.938766e+02 3.182713e+02 8.788420e+02 -1.454177e-04 8.788419e+02
-4.567991e-05 7.878670e+02 3.158621e+02 8.721892e+02 -1.517062e-04 8.721891e+02
-4.770817e-05 8.310158e+02 3.331607e+02 9.199561e+02 -1.584422e-04 9.199559e+02
-5.074058e-05 8.480425e+02 3.399869e+02 9.388051e+02 -1.685130e-04 9.388050e+02
-5.458492e-05 7.887406e+02 3.162123e+02 8.731564e+02 -1.812803e-04 8.731563e+02
-5.896956e-05 7.684054e+02 3.080598e+02 8.506448e+02 -1.958419e-04 8.506446e+02
-6.430797e-05 7.281407e+02 2.919173e+02 8.060708e+02 -2.135710e-04 8.060706e+02
-6.944174e-05 7.611804e+02 3.051632e+02 8.426465e+02 -2.306206e-04 8.426463e+02
-7.425155e-05 7.798809e+02 3.126604e+02 8.633484e+02 -2.465942e-04 8.633482e+02
-7.807351e-05 7.989846e+02 3.203192e+02 8.844967e+02 -2.592871e-04 8.844965e+02
-7.964176e-05 8.300623e+02 3.327785e+02 9.189006e+02 -2.644953e-04 9.189004e+02
-8.117894e-05 8.767469e+02 3.514947e+02 9.705817e+02 -2.696004e-04 9.705814e+02
-8.310916e-05 8.685512e+02 3.482090e+02 9.615087e+02 -2.760107e-04 9.615085e+02
-8.427515e-05 8.158975e+02 3.270997e+02 9.032198e+02 -2.798830e-04 9.032195e+02
-8.460613e-05 8.449927e+02 3.387642e+02 9.354290e+02 -2.809822e-04 9.354287e+02
-8.341259e-05 8.364357e+02 3.353336e+02 9.259561e+02 -2.770184e-04 9.259558e+02
-8.215181e-05 8.368745e+02 3.355096e+02 9.264419e+02 -2.728313e-04 9.264416e+02
-8.115761e-05 8.283921e+02 3.321089e+02 9.170516e+02 -2.695295e-04 9.170513e+02
-8.040220e-05 8.329631e+02 3.339415e+02 9.221119e+02 -2.670207e-04 9.221116e+02
-7.969989e-05 7.944777e+02 3.185123e+02 8.795075e+02 -2.646883e-04 8.795072e+02
-7.831522e-05 7.649897e+02 3.066904e+02 8.468635e+02 -2.600897e-04 8.468632e+02
-7.687639e-05 7.835668e+02 3.141381e+02 8.674289e+02 -2.553112e-04 8.674286e+02
-7.551925e-05 7.592138e+02 3.043748e+02 8.404694e+02 -2.508041e-04 8.404691e+02
-7.453246e-05 7.560571e+02 3.031092e+02 8.369749e+02 -2.475268e-04 8.369747e+02
-7.287874e-05 7.188403e+02 2.881887e+02 7.957749e+02 -2.420347e-04 7.957747e+02
-6.951051e-05 7.513432e+02 3.012194e+02 8.317565e+02 -2.308486e-04 8.317563e+02
-6.565882e-05 7.870281e+02 3.155257e+02 8.712606e+02 -2.180570e-04 8.712604e+02
-6.163116e-05 7.984954e+02 3.201231e+02 8.839552e+02 -2.046810e-04 8.839550e+02
-5.730513e-05 7.769259e+02 3.114757e+02 8.600772e+02 -1.903140e-04 8.600770e+02
-5.426122e-05 7.720329e+02 3.095141e+02 8.546605e+02 -1.802050e-04 8.546604e+02
-5.156008e-05 7.296899e+02 2.925384e+02 8.077857e+02 -1.712344e-04 8.077856e+02
-4.869732e-05 7.027216e+02 2.817266e+02 7.779311e+02 -1.617270e-04 7.779309e+02
-4.697047e-05 7.003024e+02 2.807567e+02 7.752529e+02 -1.559921e-04 7.752528e+02
-4.637125e-05 6.858383e+02 2.749579e+02 7.592408e+02 -1.540020e-04 7.592407e+02
-4.616111e-05 6.806367e+02 2.728726e+02 7.534825e+02 -1.533041e-04 7.534824e+02
-4.596819e-05 6.928695e+02 2.777768e+02 7.670246e+02 -1.526634e-04 7.670244e+02
-4.584317e-05 7.029465e+02 2.818168e+02 7.781801e+02 -1.522482e-04 7.781799e+02
-4.545295e-05 7.563405e+02 3.032228e+02 8.372886e+02 -1.509523e-04 8.372885e+02
-4.481766e-05 7.631350e+02 3.059468e+02 8.448103e+02 -1.488425e-04 8.448101e+02
-4.404358e-05 7.615051e+02 3.052934e+02 8.430060e+02 -1.462717e-04 8.430058e+02
-4.352796e-05 7.682783e+02 3.080088e+02 8.505041e+02 -1.445593e-04 8.505039e+02
-4.279349e-05 7.894594e+02 3.165005e+02 8.739521e+02 -1.421201e-04 8.739519e+02
-4.195783e-05 7.801220e+02 3.127570e+02 8.636154e+02 -1.393449e-04 8.636153e+02
-4.109881e-05 7.836787e+02 3.141829e+02 8.675527e+02 -1.364920e-04 8.675526e+02
-3.947924e-05 7.783862e+02 3.120611e+02 8.616938e+02 -1.311133e-04 8.616937e+02
-3.808258e-05 7.376015e+02 2.957102e+02 8.165441e+02 -1.264749e-04 8.165440e+02
-3.740171e-05 7.257246e+02 2.909487e+02 8.033960e+02 -1.242137e-04 8.033959e+02
-3.748295e-05 7.163898e+02 2.872063e+02 7.930622e+02 -1.244835e-04 7.930621e+02
-3.810171e-05 7.230326e+02 2.898694e+02 8.004159e+02 -1.265385e-04 8.004158e+02
-3.924407e-05 7.545862e+02 3.025195e+02 8.353465e+02 -1.303323e-04 8.353464e+02
-4.089429e-05 6.948102e+02 2.785548e+02 7.691729e+02 -1.358128e-04 7.691728e+02
-4.283176e-05 6.826726e+02 2.736888e+02 7.557363e+02 -1.422472e-04 7.557362e+02
-4.516905e-05 6.637910e+02 2.661190e+02 7.348340e+02 -1.500095e-04 7.348338e+02
-4.714716e-05 6.644094e+02 2.663669e+02 7.355185e+02 -1.565789e-04 7.355183e+02
-4.791740e-05 7.218659e+02 2.894017e+02 7.991243e+02 -1.591369e-04 7.991242e+02
-4.788018e-05 7.176179e+02 2.876987e+02 7.944217e+02 -1.590133e-04 7.944216e+02
-4.772154e-05 7.499586e+02 3.006643e+02 8.302237e+02 -1.584864e-04 8.302235e+02
-4.770176e-05 6.944912e+02 2.784270e+02 7.688198e+02 -1.584207e-04 7.688197e+02
-4.755620e-05 6.998618e+02 2.805801e+02 7.747653e+02 -1.579373e-04 7.747651e+02
-4.751880e-05 6.569211e+02 2.633648e+02 7.272287e+02 -1.578131e-04 7.272286e+02
-4.768123e-05 6.933873e+02 2.779844e+02 7.675978e+02 -1.583525e-04 7.675977e+02
-4.732040e-05 7.372644e+02 2.955751e+02 8.161709e+02 -1.571542e-04 8.161708e+02
-4.683661e-05 7.064348e+02 2.832152e+02 7.820417e+02 -1.555475e-04 7.820415e+02
-4.656529e-05 7.295562e+02 2.924848e+02 8.076377e+02 -1.546464e-04 8.076375e+02
-4.742841e-05 7.451502e+02 2.987366e+02 8.249007e+02 -1.575129e-04 8.249005e+02
-4.944544e-05 7.854115e+02 3.148776e+02 8.694709e+02 -1.642115e-04 8.694708e+02
-5.135507e-05 7.403992e+02 2.968319e+02 8.196412e+02 -1.705535e-04 8.196410e+02
-5.372384e-05 7.301808e+02 2.927352e+02 8.083292e+02 -1.784203e-04 8.083290e+02
-5.862625e-05 7.505970e+02 3.009202e+02 8.309304e+02 -1.947013e-04 8.309302e+02
-6.621261e-05 7.465197e+02 2.992856e+02 8.264168e+02 -2.198959e-04 8.264165e+02
-7.646425e-05 7.680658e+02 3.079236e+02 8.502688e+02 -2.539418e-04 8.502685e+02
-9.056145e-05 7.477941e+02 2.997965e+02 8.278276e+02 -3.007588e-04 8.278273e+02
-1.057537e-04 7.629259e+02 3.058630e+02 8.445789e+02 -3.512122e-04 8.445785e+02
-1.209725e-04 7.416602e+02 2.973374e+02 8.210371e+02 -4.017536e-04 8.210367e+02
-1.363650e-04 7.254525e+02 2.908396e+02 8.030948e+02 -4.528718e-04 8.030943e+02
-1.508721e-04 7.241445e+02 2.903152e+02 8.016468e+02 -5.010489e-04 8.016463e+02
-1.629535e-04 7.001669e+02 2.807024e+02 7.751030e+02 -5.411699e-04 7.751025e+02
-1.716261e-04 7.273337e+02 2.915938e+02 8.051773e+02 -5.699706e-04 8.051768e+02
-1.773385e-04 7.655805e+02 3.069272e+02 8.475176e+02 -5.889403e-04 8.475170e+02
-1.811294e-04 7.347769e+02 2.945778e+02 8.134172e+02 -6.015294e-04 8.134166e+02
-1.859117e-04 7.285407e+02 2.920777e+02 8.065135e+02 -6.174106e-04 8.065129e+02
-1.911920e-04 7.204487e+02 2.888335e+02 7.975555e+02 -6.349455e-04 7.975549e+02
-1.965639e-04 7.173435e+02 2.875886e+02 7.941179e+02 -6.527848e-04 7.941173e+02
-2.050316e-04 7.369045e+02 2.954308e+02 8.157725e+02 -6.809049e-04 8.157718e+02
-2.122470e-04 7.259206e+02 2.910273e+02 8.036130e+02 -7.048660e-04 8.036123e+02
-2.167717e-04 7.612690e+02 3.051987e+02 8.427446e+02 -7.198916e-04 8.427439e+02
-2.206954e-04 7.580896e+02 3.039241e+02 8.392250e+02 -7.329216e-04 8.392242e+02
-2.278790e-04 7.695876e+02 3.085337e+02 8.519535e+02 -7.567771e-04 8.519527e+02
-2.402916e-04 7.698196e+02 3.086267e+02 8.522104e+02 -7.979972e-04 8.522096e+02
-2.579931e-04 7.841811e+02 3.143844e+02 8.681089e+02 -8.567809e-04 8.681081e+02
-2.913915e-04 7.682782e+02 3.080088e+02 8.505040e+02 -9.676899e-04 8.505030e+02
-3.431843e-04 7.554147e+02 3.028517e+02 8.362638e+02 -1.139680e-03 8.362627e+02
-4.072605e-04 7.535246e+02 3.020939e+02 8.341713e+02 -1.352454e-03 8.341700e+02
-4.746571e-04 7.848191e+02 3.146402e+02 8.688152e+02 -1.576248e-03 8.688136e+02
-5.228518e-04 8.040731e+02 3.223592e+02 8.901298e+02 -1.736276e-03 8.901281e+02
-5.573407e-04 7.744414e+02 3.104796e+02 8.573268e+02 -1.850791e-03 8.573249e+02
-5.971138e-04 7.633959e+02 3.060514e+02 8.450991e+02 -1.982849e-03 8.450971e+02
-6.196162e-04 7.601953e+02 3.047683e+02 8.415560e+02 -2.057561e-03 8.415539e+02
-6.246781e-04 7.782616e+02 3.120112e+02 8.615559e+02 -2.074367e-03 8.615538e+02
-6.202867e-04 7.593074e+02 3.044123e+02 8.405730e+02 -2.059784e-03 8.405710e+02
-5.954701e-04 7.737890e+02 3.102181e+02 8.566046e+02 -1.977384e-03 8.566026e+02
-5.942652e-04 7.753482e+02 3.108432e+02 8.583306e+02 -1.973379e-03 8.583286e+02
-5.954071e-04 7.303772e+02 2.928140e+02 8.085466e+02 -1.977167e-03 8.085446e+02
-5.663014e-04 7.137720e+02 2.861568e+02 7.901642e+02 -1.880528e-03 7.901624e+02
-5.645785e-04 7.237212e+02 2.901455e+02 8.011782e+02 -1.874806e-03 8.011763e+02
-5.937138e-04 7.057509e+02 2.829411e+02 7.812847e+02 -1.971541e-03 7.812827e+02
-6.434473e-04 7.148236e+02 2.865784e+02 7.913284e+02 -2.136661e-03 7.913262e+02
-6.962569e-04 7.012546e+02 2.811385e+02 7.763071e+02 -2.311989e-03 7.763048e+02
-7.074628e-04 7.323435e+02 2.936023e+02 8.107234e+02 -2.349190e-03 8.107210e+02
-7.427536e-04 7.125924e+02 2.856839e+02 7.888583e+02 -2.466350e-03 7.888558e+02
-8.184714e-04 7.085505e+02 2.840635e+02 7.843839e+02 -2.717718e-03 7.843811e+02
-8.504128e-04 7.395686e+02 2.964988e+02 8.187217e+02 -2.823749e-03 8.187189e+02
-8.617384e-04 8.089974e+02 3.243334e+02 8.955812e+02 -2.861340e-03 8.955783e+02
-8.482503e-04 7.905122e+02 3.169225e+02 8.751176e+02 -2.816557e-03 8.751148e+02
-7.575701e-04 7.598565e+02 3.046324e+02 8.411809e+02 -2.515513e-03 8.411784e+02
-6.381087e-04 8.011618e+02 3.211920e+02 8.869070e+02 -2.118901e-03 8.869048e+02
-5.346618e-04 7.937257e+02 3.182109e+02 8.786751e+02 -1.775439e-03 8.786733e+02
-4.503952e-04 7.394946e+02 2.964692e+02 8.186398e+02 -1.495647e-03 8.186383e+02
-3.791465e-04 7.312749e+02 2.931738e+02 8.095404e+02 -1.259070e-03 8.095391e+02
-3.205225e-04 7.359984e+02 2.950675e+02 8.147694e+02 -1.064407e-03 8.147683e+02
-2.786172e-04 7.506225e+02 3.009305e+02 8.309587e+02 -9.252549e-04 8.309578e+02
-2.404152e-04 7.977128e+02 3.198093e+02 8.830888e+02 -7.983982e-04 8.830880e+02
-1.991122e-04 7.705183e+02 3.089069e+02 8.529839e+02 -6.612415e-04 8.529832e+02
-1.629980e-04 7.760604e+02 3.111287e+02 8.591191e+02 -5.413129e-04 8.591185e+02
-1.336447e-04 7.795452e+02 3.125258e+02 8.629769e+02 -4.438345e-04 8.629764e+02
-1.073381e-04 7.516635e+02 3.013478e+02 8.321111e+02 -3.564724e-04 8.321107e+02
-8.741140e-05 7.246275e+02 2.905088e+02 8.021815e+02 -2.902966e-04 8.021812e+02
-7.496625e-05 7.517491e+02 3.013821e+02 8.322058e+02 -2.489665e-04 8.322055e+02
-6.632888e-05 7.335637e+02 2.940915e+02 8.120742e+02 -2.202818e-04 8.120739e+02
-5.997276e-05 7.409547e+02 2.970545e+02 8.202561e+02 -1.991731e-04 8.202559e+02
-5.445857e-05 7.780561e+02 3.119288e+02 8.613284e+02 -1.808603e-04 8.613282e+02
-5.025585e-05 7.986354e+02 3.201792e+02 8.841102e+02 -1.669029e-04 8.841100e+02
-4.814411e-05 8.041649e+02 3.223960e+02 8.902315e+02 -1.598897e-04 8.902314e+02
-4.718411e-05 8.094523e+02 3.245158e+02 8.960848e+02 -1.567014e-04 8.960846e+02
-4.675267e-05 8.091250e+02 3.243846e+02 8.957224e+02 -1.552685e-04 8.957223e+02
-4.670139e-05 7.841383e+02 3.143672e+02 8.680615e+02 -1.550981e-04 8.680614e+02
-4.652062e-05 7.756716e+02 3.109728e+02 8.586887e+02 -1.544977e-04 8.586885e+02
-4.671767e-05 7.400300e+02 2.966838e+02 8.192325e+02 -1.551521e-04 8.192323e+02
-4.621659e-05 7.724242e+02 3.096709e+02 8.550937e+02 -1.534879e-04 8.550935e+02
-4.480802e-05 7.693921e+02 3.084553e+02 8.517371e+02 -1.488100e-04 8.517370e+02
-4.248389e-05 7.491786e+02 3.003516e+02 8.293603e+02 -1.410915e-04 8.293601e+02
-3.993418e-05 7.622758e+02 3.056024e+02 8.438592e+02 -1.326238e-04 8.438590e+02
-3.837204e-05 7.743899e+02 3.104590e+02 8.572698e+02 -1.274359e-04 8.572697e+02
-3.682044e-05 7.948183e+02 3.186489e+02 8.798846e+02 -1.222829e-04 8.798845e+02
-3.560538e-05 8.058209e+02 3.230599e+02 8.920648e+02 -1.182477e-04 8.920647e+02
-3.530327e-05 7.811975e+02 3.131882e+02 8.648059e+02 -1.172443e-04 8.648058e+02
-3.508793e-05 7.727637e+02 3.098070e+02 8.554695e+02 -1.165292e-04 8.554694e+02
-3.463844e-05 7.504766e+02 3.008720e+02 8.307972e+02 -1.150364e-04 8.307971e+02
-3.437595e-05 7.243020e+02 2.903784e+02 8.018212e+02 -1.141647e-04 8.018210e+02
-3.409511e-05 6.903986e+02 2.767862e+02 7.642893e+02 -1.132320e-04 7.642892e+02
-3.339118e-05 6.982887e+02 2.799494e+02 7.730238e+02 -1.108942e-04 7.730237e+02
-3.250142e-05 6.949414e+02 2.786075e+02 7.693182e+02 -1.079393e-04 7.693181e+02
-3.186127e-05 7.379828e+02 2.958631e+02 8.169661e+02 -1.058133e-04 8.169660e+02
-3.179356e-05 7.278658e+02 2.918071e+02 8.057664e+02 -1.055884e-04 8.057663e+02
-3.171096e-05 7.181613e+02 2.879165e+02 7.950233e+02 -1.053141e-04 7.950232e+02
-3.143326e-05 7.390603e+02 2.962951e+02 8.181590e+02 -1.043919e-04 8.181589e+02
-3.090236e-05 7.102275e+02 2.847358e+02 7.862403e+02 -1.026287e-04 7.862402e+02
-3.063383e-05 7.129662e+02 2.858337e+02 7.892721e+02 -1.017369e-04 7.892720e+02
-3.123531e-05 6.700629e+02 2.686335e+02 7.417771e+02 -1.037345e-04 7.417770e+02
-3.221854e-05 6.834878e+02 2.740156e+02 7.566388e+02 -1.069998e-04 7.566387e+02
-3.293784e-05 7.298432e+02 2.925999e+02 8.079554e+02 -1.093886e-04 8.079553e+02
-3.361887e-05 7.783265e+02 3.120372e+02 8.616277e+02 -1.116504e-04 8.616276e+02
-3.491256e-05 7.827839e+02 3.138242e+02 8.665622e+02 -1.159468e-04 8.665621e+02
-3.626615e-05 7.661283e+02 3.071468e+02 8.481240e+02 -1.204422e-04 8.481238e+02
-3.807656e-05 7.428608e+02 2.978187e+02 8.223662e+02 -1.264546e-04 8.223661e+02
-3.956501e-05 7.358569e+02 2.950108e+02 8.146127e+02 -1.313978e-04 8.146126e+02
-3.936308e-05 7.198781e+02 2.886048e+02 7.969238e+02 -1.307272e-04 7.969236e+02
-3.884232e-05 7.384755e+02 2.960606e+02 8.175116e+02 -1.289978e-04 8.175115e+02
-3.848166e-05 7.308613e+02 2.930080e+02 8.090825e+02 -1.278000e-04 8.090823e+02
-3.806819e-05 7.121312e+02 2.854990e+02 7.883478e+02 -1.264268e-04 7.883477e+02
-3.816924e-05 7.381407e+02 2.959264e+02 8.171410e+02 -1.267624e-04 8.171409e+02
-3.904426e-05 7.543609e+02 3.024292e+02 8.350971e+02 -1.296684e-04 8.350970e+02
-4.136065e-05 7.583932e+02 3.040458e+02 8.395610e+02 -1.373612e-04 8.395609e+02
-4.522979e-05 6.994897e+02 2.804309e+02 7.743533e+02 -1.502106e-04 7.743531e+02
-4.980493e-05 6.924940e+02 2.776263e+02 7.666089e+02 -1.654047e-04 7.666087e+02
-5.349590e-05 7.238287e+02 2.901886e+02 8.012972e+02 -1.776625e-04 8.012971e+02
-5.630994e-05 6.891200e+02 2.762736e+02 7.628738e+02 -1.870079e-04 7.628736e+02
-5.919260e-05 7.177464e+02 2.877502e+02 7.945639e+02 -1.965812e-04 7.945637e+02
-6.310915e-05 7.464667e+02 2.992643e+02 8.263580e+02 -2.095880e-04 8.263578e+02
-6.770867e-05 7.053649e+02 2.827863e+02 7.808573e+02 -2.248629e-04 7.808570e+02
-7.295482e-05 7.267965e+02 2.913784e+02 8.045826e+02 -2.422853e-04 8.045824e+02
-8.099200e-05 7.410328e+02 2.970859e+02 8.203426e+02 -2.689765e-04 8.203423e+02
-9.368769e-05 7.585097e+02 3.040925e+02 8.396900e+02 -3.111382e-04 8.396897e+02
-1.119093e-04 7.281548e+02 2.919230e+02 8.060863e+02 -3.716507e-04 8.060859e+02
-1.334771e-04 7.168917e+02 2.874075e+02 7.936178e+02 -4.432749e-04 7.936173e+02
-1.589176e-04 7.100382e+02 2.846599e+02 7.860308e+02 -5.277591e-04 7.860303e+02
-1.835206e-04 7.547907e+02 3.026015e+02 8.355730e+02 -6.094608e-04 8.355724e+02
-2.009965e-04 7.330550e+02 2.938875e+02 8.115109e+02 -6.674945e-04 8.115103e+02
-2.061009e-04 6.987918e+02 2.801511e+02 7.735807e+02 -6.844449e-04 7.735800e+02
-1.993486e-04 7.032108e+02 2.819227e+02 7.784726e+02 -6.620220e-04 7.784720e+02
-1.873449e-04 7.032704e+02 2.819466e+02 7.785387e+02 -6.221604e-04 7.785380e+02
-1.789526e-04 7.077210e+02 2.837309e+02 7.834656e+02 -5.942916e-04 7.834650e+02
-1.776722e-04 7.484544e+02 3.000613e+02 8.285585e+02 -5.900396e-04 8.285580e+02
-1.818804e-04 7.330881e+02 2.939008e+02 8.115476e+02 -6.040139e-04 8.115470e+02
-1.922151e-04 7.453628e+02 2.988218e+02 8.251360e+02 -6.383334e-04 8.251354e+02
-1.990548e-04 7.930377e+02 3.179350e+02 8.779134e+02 -6.610463e-04 8.779127e+02
-1.997670e-04 7.635683e+02 3.061205e+02 8.452900e+02 -6.634113e-04 8.452894e+02
-2.046131e-04 7.838089e+02 3.142351e+02 8.676969e+02 -6.795042e-04 8.676962e+02
-2.128724e-04 7.759621e+02 3.110893e+02 8.590103e+02 -7.069310e-04 8.590096e+02
-2.222483e-04 8.020924e+02 3.215651e+02 8.879372e+02 -7.380660e-04 8.879365e+02
-2.254912e-04 8.412385e+02 3.372591e+02 9.312730e+02 -7.488348e-04 9.312722e+02
-2.182517e-04 8.639352e+02 3.463584e+02 9.563988e+02 -7.247945e-04 9.563980e+02
-2.076333e-04 8.721958e+02 3.496701e+02 9.655434e+02 -6.895336e-04 9.655428e+02
-2.010822e-04 8.808473e+02 3.531386e+02 9.751209e+02 -6.677792e-04 9.751202e+02
-1.988535e-04 8.299828e+02 3.327466e+02 9.188126e+02 -6.603782e-04 9.188119e+02
-1.979195e-04 8.029421e+02 3.219058e+02 8.888778e+02 -6.572767e-04 8.888771e+02
-2.005623e-04 8.132735e+02 3.260477e+02 9.003149e+02 -6.660529e-04 9.003143e+02
-2.123777e-04 8.322188e+02 3.336431e+02 9.212879e+02 -7.052890e-04 9.212872e+02
-2.244945e-04 8.267551e+02 3.314526e+02 9.152395e+02 -7.455256e-04 9.152387e+02
-2.197911e-04 8.264415e+02 3.313269e+02 9.148923e+02 -7.299068e-04 9.148916e+02
-2.074096e-04 7.829987e+02 3.139103e+02 8.668000e+02 -6.887913e-04 8.667993e+02
-1.957988e-04 8.012531e+02 3.212287e+02 8.870080e+02 -6.502348e-04 8.870074e+02
-1.868161e-04 7.881515e+02 3.159761e+02 8.725043e+02 -6.204051e-04 8.725037e+02
-1.782157e-04 7.912862e+02 3.172329e+02 8.759744e+02 -5.918450e-04 8.759738e+02
-1.655307e-04 7.860407e+02 3.151299e+02 8.701676e+02 -5.497209e-04 8.701670e+02
-1.523958e-04 8.089667e+02 3.243211e+02 8.955472e+02 -5.061019e-04 8.955467e+02
-1.434782e-04 8.356539e+02 3.350202e+02 9.250906e+02 -4.764881e-04 9.250901e+02
-1.373119e-04 8.502037e+02 3.408533e+02 9.411977e+02 -4.560106e-04 9.411972e+02
-1.311175e-04 8.382385e+02 3.360564e+02 9.279519e+02 -4.354399e-04 9.279514e+02
-1.284061e-04 8.387906e+02 3.362777e+02 9.285630e+02 -4.264357e-04 9.285626e+02
-1.291078e-04 8.439221e+02 3.383350e+02 9.342437e+02 -4.287658e-04 9.342433e+02
-1.260568e-04 8.059875e+02 3.231267e+02 8.922491e+02 -4.186341e-04 8.922487e+02
-1.195224e-04 7.715269e+02 3.093112e+02 8.541004e+02 -3.969338e-04 8.541000e+02
-1.118329e-04 7.387950e+02 2.961887e+02 8.178653e+02 -3.713977e-04 8.178649e+02
-1.043014e-04 7.343287e+02 2.943981e+02 8.129210e+02 -3.463862e-04 8.129207e+02
-1.008214e-04 7.244380e+02 2.904329e+02 8.019717e+02 -3.348295e-04 8.019714e+02
-9.978957e-05 7.266916e+02 2.913364e+02 8.044665e+02 -3.314029e-04 8.044662e+02
-9.738985e-05 7.493089e+02 3.004038e+02 8.295045e+02 -3.234337e-04 8.295042e+02
-9.598017e-05 7.536757e+02 3.021545e+02 8.343386e+02 -3.187523e-04 8.343383e+02
-9.715860e-05 7.280474e+02 2.918799e+02 8.059674e+02 -3.226658e-04 8.059671e+02
-9.926443e-05 6.902254e+02 2.767168e+02 7.640975e+02 -3.296592e-04 7.640972e+02
-1.021262e-04 6.927336e+02 2.777223e+02 7.668741e+02 -3.391631e-04 7.668738e+02
-1.089439e-04 6.924077e+02 2.775917e+02 7.665134e+02 -3.618044e-04 7.665130e+02
-1.182590e-04 7.209900e+02 2.890505e+02 7.981547e+02 -3.927390e-04 7.981543e+02
-1.237237e-04 7.194368e+02 2.884279e+02 7.964353e+02 -4.108870e-04 7.964349e+02
-1.221888e-04 6.996701e+02 2.805032e+02 7.745530e+02 -4.057899e-04 7.745526e+02
-1.159466e-04 6.885088e+02 2.760286e+02 7.621972e+02 -3.850601e-04 7.621968e+02
-1.065682e-04 7.074630e+02 2.836275e+02 7.831800e+02 -3.539153e-04 7.831796e+02
-9.844533e-05 7.052812e+02 2.827528e+02 7.807647e+02 -3.269397e-04 7.807644e+02
-9.492378e-05 6.916348e+02 2.772818e+02 7.656577e+02 -3.152449e-04 7.656574e+02
-9.388591e-05 6.854254e+02 2.747924e+02 7.587838e+02 -3.117982e-04 7.587835e+02
-9.369983e-05 6.870509e+02 2.754441e+02 7.605832e+02 -3.111803e-04 7.605829e+02
-9.189953e-05 7.075237e+02 2.836518e+02 7.832471e+02 -3.052017e-04 7.832468e+02
-8.891366e-05 7.681576e+02 3.079604e+02 8.503705e+02 -2.952858e-04 8.503702e+02
-8.718585e-05 7.445132e+02 2.984812e+02 8.241956e+02 -2.895479e-04 8.241953e+02
-8.768588e-05 7.323032e+02 2.935861e+02 8.106787e+02 -2.912086e-04 8.106784e+02
-8.911607e-05 7.421821e+02 2.975466e+02 8.216149e+02 -2.959583e-04 8.216146e+02
-9.006358e-05 6.984810e+02 2.800265e+02 7.732366e+02 -2.991051e-04 7.732363e+02
-9.267357e-05 7.332522e+02 2.939666e+02 8.117293e+02 -3.077730e-04 8.117290e+02
-9.679546e-05 7.649504e+02 3.066746e+02 8.468200e+02 -3.214619e-04 8.468197e+02
-1.002441e-04 7.594516e+02 3.044701e+02 8.407327e+02 -3.329151e-04 8.407323e+02
-1.036023e-04 7.363492e+02 2.952082e+02 8.151578e+02 -3.440679e-04 8.151574e+02
-1.041806e-04 7.470003e+02 2.994783e+02 8.269487e+02 -3.459887e-04 8.269484e+02
-1.037731e-04 7.165702e+02 2.872786e+02 7.932619e+02 -3.446356e-04 7.932615e+02
-1.046394e-04 6.974226e+02 2.796022e+02 7.720650e+02 -3.475128e-04 7.720647e+02
-1.058773e-04 7.410574e+02 2.970957e+02 8.203699e+02 -3.516237e-04 8.203695e+02
-1.080495e-04 7.301268e+02 2.927136e+02 8.082694e+02 -3.588377e-04 8.082690e+02
-1.103134e-04 7.348462e+02 2.946056e+02 8.134938e+02 -3.663560e-04 8.134935e+02
-1.133028e-04 7.183164e+02 2.879787e+02 7.951950e+02 -3.762835e-04 7.951946e+02
-1.184412e-04 7.327246e+02 2.937550e+02 8.111452e+02 -3.933481e-04 8.111448e+02
-1.248255e-04 7.384548e+02 2.960523e+02 8.174887e+02 -4.145504e-04 8.174883e+02
-1.285494e-04 7.259930e+02 2.910563e+02 8.036932e+02 -4.269173e-04 8.036927e+02
-1.292679e-04 7.230470e+02 2.898752e+02 8.004318e+02 -4.293035e-04 8.004314e+02
-1.319216e-04 7.674044e+02 3.076584e+02 8.495366e+02 -4.381165e-04 8.495362e+02
-1.380863e-04 7.765874e+02 3.113400e+02 8.597025e+02 -4.585891e-04 8.597020e+02
-1.477191e-04 7.625641e+02 3.057179e+02 8.441783e+02 -4.905795e-04 8.441778e+02
-1.554352e-04 7.302144e+02 2.927487e+02 8.083664e+02 -5.162043e-04 8.083658e+02
-1.564639e-04 7.558145e+02 3.030120e+02 8.367064e+02 -5.196206e-04 8.367059e+02
-1.606780e-04 7.460763e+02 2.991078e+02 8.259259e+02 -5.336154e-04 8.259253e+02
-1.690594e-04 7.151977e+02 2.867284e+02 7.917425e+02 -5.614497e-04 7.917419e+02
-1.781509e-04 7.108589e+02 2.849889e+02 7.869393e+02 -5.916422e-04 7.869387e+02
-1.898644e-04 6.997903e+02 2.805514e+02 7.746861e+02 -6.305419e-04 7.746855e+02
-2.034235e-04 6.729664e+02 2.697975e+02 7.449913e+02 -6.755708e-04 7.449907e+02
-2.214597e-04 6.922761e+02 2.775389e+02 7.663677e+02 -7.354674e-04 7.663670e+02
-2.477301e-04 6.954961e+02 2.788298e+02 7.699323e+02 -8.227082e-04 7.699314e+02
-2.782548e-04 7.241040e+02 2.902990e+02 8.016020e+02 -9.240756e-04 8.016011e+02
-3.035342e-04 7.433739e+02 2.980244e+02 8.229343e+02 -1.008023e-03 8.229333e+02
-3.234453e-04 7.524070e+02 3.016459e+02 8.329341e+02 -1.074141e-03 8.329331e+02
-3.401138e-04 6.970279e+02 2.794440e+02 7.716281e+02 -1.129491e-03 7.716269e+02
-3.447592e-04 7.474263e+02 2.996491e+02 8.274204e+02 -1.144915e-03 8.274192e+02
-3.316011e-04 7.422893e+02 2.975896e+02 8.217336e+02 -1.101220e-03 8.217325e+02
-3.107742e-04 7.977062e+02 3.198067e+02 8.830815e+02 -1.032058e-03 8.830805e+02
-2.974883e-04 7.674966e+02 3.076954e+02 8.496387e+02 -9.879368e-04 8.496377e+02
-3.000053e-04 7.581395e+02 3.039441e+02 8.392802e+02 -9.962927e-04 8.392792e+02
-3.180715e-04 7.517840e+02 3.013961e+02 8.322445e+02 -1.056282e-03 8.322434e+02
-3.455252e-04 7.547548e+02 3.025871e+02 8.355333e+02 -1.147443e-03 8.355321e+02
-3.597654e-04 7.438532e+02 2.982166e+02 8.234649e+02 -1.194727e-03 8.234637e+02
-3.704841e-04 7.380187e+02 2.958775e+02 8.170059e+02 -1.230318e-03 8.170047e+02
-3.842627e-04 7.221808e+02 2.895280e+02 7.994730e+02 -1.276070e-03 7.994717e+02
-3.888666e-04 7.227267e+02 2.897468e+02 8.000772e+02 -1.291358e-03 8.000759e+02
-3.893252e-04 7.432649e+02 2.979807e+02 8.228136e+02 -1.292881e-03 8.228123e+02
-4.049004e-04 7.346803e+02 2.945391e+02 8.133102e+02 -1.344599e-03 8.133089e+02
-4.426143e-04 7.252401e+02 2.907545e+02 8.028597e+02 -1.469828e-03 8.028582e+02
-5.292062e-04 6.985426e+02 2.800512e+02 7.733048e+02 -1.757344e-03 7.733031e+02
-6.937237e-04 7.280714e+02 2.918896e+02 8.059941e+02 -2.303567e-03 8.059918e+02
-8.953831e-04 6.988255e+02 2.801646e+02 7.736181e+02 -2.973043e-03 7.736151e+02
-1.107825e-03 7.411435e+02 2.971303e+02 8.204652e+02 -3.678243e-03 8.204615e+02
-1.281358e-03 7.526961e+02 3.017618e+02 8.332541e+02 -4.254227e-03 8.332499e+02
-1.405134e-03 7.295498e+02 2.924823e+02 8.076307e+02 -4.665031e-03 8.076260e+02
-1.557417e-03 7.361672e+02 2.951352e+02 8.149563e+02 -5.170413e-03 8.149511e+02
-1.696227e-03 7.205321e+02 2.888670e+02 7.976478e+02 -5.631050e-03 7.976422e+02
-1.750172e-03 7.152484e+02 2.867487e+02 7.917986e+02 -5.810056e-03 7.917928e+02
-1.734371e-03 7.657765e+02 3.070058e+02 8.477345e+02 -5.757627e-03 8.477288e+02
-1.708133e-03 7.310675e+02 2.930907e+02 8.093107e+02 -5.670559e-03 8.093050e+02
-1.787572e-03 7.598602e+02 3.046339e+02 8.411850e+02 -5.934154e-03 8.411790e+02
-1.849368e-03 7.184859e+02 2.880466e+02 7.953826e+02 -6.139203e-03 7.953765e+02
-1.878492e-03 6.894089e+02 2.763894e+02 7.631936e+02 -6.235838e-03 7.631874e+02
-2.016549e-03 7.087026e+02 2.841244e+02 7.845523e+02 -6.693908e-03 7.845456e+02
-2.142038e-03 7.139774e+02 2.862391e+02 7.903915e+02 -7.110250e-03 7.903844e+02
-2.334309e-03 6.874761e+02 2.756146e+02 7.610539e+02 -7.748108e-03 7.610462e+02
-2.646952e-03 6.986860e+02 2.801087e+02 7.734636e+02 -8.785162e-03 7.734548e+02
-2.953375e-03 7.275703e+02 2.916886e+02 8.054392e+02 -9.801437e-03 8.054294e+02
-3.080005e-03 7.331792e+02 2.939373e+02 8.116485e+02 -1.022138e-02 8.116382e+02
-3.048288e-03 6.988722e+02 2.801834e+02 7.736698e+02 -1.011621e-02 7.736596e+02
-3.139440e-03 7.173881e+02 2.876065e+02 7.941673e+02 -1.041848e-02 7.941569e+02
-3.417132e-03 6.931048e+02 2.778712e+02 7.672851e+02 -1.133925e-02 7.672738e+02
-3.670364e-03 6.836742e+02 2.740904e+02 7.568452e+02 -1.217879e-02 7.568330e+02
-3.615763e-03 7.191816e+02 2.883255e+02 7.961528e+02 -1.199778e-02 7.961408e+02
-3.399328e-03 7.433036e+02 2.979963e+02 8.228565e+02 -1.128024e-02 8.228452e+02
-3.048534e-03 6.990441e+02 2.802523e+02 7.738600e+02 -1.011707e-02 7.738499e+02
-2.768551e-03 7.011695e+02 2.811044e+02 7.762129e+02 -9.188556e-03 7.762037e+02
-2.566110e-03 7.372871e+02 2.955842e+02 8.161961e+02 -8.517113e-03 8.161876e+02
-2.241934e-03 7.414684e+02 2.972605e+02 8.208249e+02 -7.441757e-03 8.208174e+02
-1.952507e-03 7.364221e+02 2.952374e+02 8.152384e+02 -6.481519e-03 8.152319e+02
-1.765189e-03 7.872144e+02 3.156004e+02 8.714668e+02 -5.859972e-03 8.714610e+02
-1.680618e-03 8.187454e+02 3.282414e+02 9.063725e+02 -5.579336e-03 9.063669e+02
-1.570406e-03 8.166155e+02 3.273876e+02 9.040146e+02 -5.213594e-03 9.040094e+02
-1.405496e-03 8.001954e+02 3.208046e+02 8.858372e+02 -4.666297e-03 8.858325e+02
-1.172319e-03 8.347675e+02 3.346648e+02 9.241093e+02 -3.892362e-03 9.241054e+02
-9.198837e-04 7.901598e+02 3.167813e+02 8.747275e+02 -3.054409e-03 8.747244e+02
-7.077583e-04 7.847801e+02 3.146245e+02 8.687720e+02 -2.350183e-03 8.687696e+02
-5.578154e-04 7.831448e+02 3.139689e+02 8.669617e+02 -1.852349e-03 8.669598e+02
-4.638177e-04 7.746382e+02 3.105585e+02 8.575446e+02 -1.540243e-03 8.575431e+02
-4.133411e-04 7.576574e+02 3.037508e+02 8.387464e+02 -1.372636e-03 8.387451e+02
-3.786213e-04 6.947976e+02 2.785498e+02 7.691590e+02 -1.257347e-03 7.691578e+02
-3.286090e-04 6.987145e+02 2.801201e+02 7.734952e+02 -1.091275e-03 7.734941e+02
-2.804397e-04 7.325337e+02 2.936785e+02 8.109339e+02 -9.313201e-04 8.109329e+02
-2.447145e-04 7.431391e+02 2.979303e+02 8.226743e+02 -8.126859e-04 8.226735e+02
-2.176395e-04 7.492915e+02 3.003969e+02 8.294852e+02 -7.227752e-04 8.294845e+02
-1.993989e-04 7.691847e+02 3.083722e+02 8.515075e+02 -6.622009e-04 8.515069e+02
-1.838342e-04 7.739429e+02 3.102798e+02 8.567749e+02 -6.105123e-04 8.567743e+02
-1.647835e-04 7.235001e+02 2.900569e+02 8.009334e+02 -5.472469e-04 8.009329e+02
-1.501241e-04 7.308370e+02 2.929983e+02 8.090555e+02 -4.985640e-04 8.090550e+02
-1.428757e-04 7.105394e+02 2.848608e+02 7.865856e+02 -4.744923e-04 7.865851e+02
-1.348220e-04 7.192317e+02 2.883456e+02 7.962082e+02 -4.477467e-04 7.962078e+02
-1.234549e-04 7.298744e+02 2.926124e+02 8.079900e+02 -4.099971e-04 8.079896e+02
-1.122499e-04 6.970669e+02 2.794596e+02 7.716712e+02 -3.727858e-04 7.716708e+02
-1.014077e-04 7.431617e+02 2.979394e+02 8.226993e+02 -3.367791e-04 8.226990e+02
-9.255288e-05 7.309773e+02 2.930545e+02 8.092109e+02 -3.073724e-04 8.092106e+02
-8.630520e-05 7.198488e+02 2.885930e+02 7.968914e+02 -2.866239e-04 7.968911e+02
-8.211252e-05 7.222653e+02 2.895618e+02 7.995665e+02 -2.726999e-04 7.995662e+02
-7.787600e-05 7.032366e+02 2.819331e+02 7.785012e+02 -2.586304e-04 7.785009e+02
-7.380827e-05 7.584165e+02 3.040551e+02 8.395868e+02 -2.451214e-04 8.395865e+02
-7.093866e-05 7.888278e+02 3.162473e+02 8.732529e+02 -2.355913e-04 8.732527e+02
-6.847332e-05 7.791425e+02 3.123643e+02 8.625310e+02 -2.274038e-04 8.625308e+02
-6.779272e-05 7.905048e+02 3.169196e+02 8.751094e+02 -2.251435e-04 8.751092e+02
-6.781455e-05 7.508189e+02 3.010092e+02 8.311761e+02 -2.252159e-04 8.311759e+02
-6.722395e-05 7.285060e+02 2.920638e+02 8.064751e+02 -2.232545e-04 8.064749e+02
-6.504511e-05 7.034972e+02 2.820375e+02 7.787897e+02 -2.160185e-04 7.787895e+02
-6.126724e-05 6.914015e+02 2.771883e+02 7.653995e+02 -2.034721e-04 7.653993e+02
-5.661812e-05 6.752185e+02 2.707004e+02 7.474845e+02 -1.880323e-04 7.474843e+02
-5.172413e-05 7.244246e+02 2.904275e+02 8.019569e+02 -1.717791e-04 8.019567e+02
-4.700418e-05 7.099858e+02 2.846389e+02 7.859727e+02 -1.561040e-04 7.859726e+02
-4.266658e-05 7.410593e+02 2.970965e+02 8.203720e+02 -1.416986e-04 8.203718e+02
-3.969169e-05 7.497323e+02 3.005736e+02 8.299732e+02 -1.318189e-04 8.299730e+02
-3.806675e-05 7.578423e+02 3.038249e+02 8.389512e+02 -1.264224e-04 8.389511e+02
-3.715640e-05 7.476140e+02 2.997243e+02 8.276281e+02 -1.233990e-04 8.276280e+02
-3.677654e-05 7.418348e+02 2.974074e+02 8.212304e+02 -1.221375e-04 8.212303e+02
-3.634910e-05 7.567812e+02 3.033995e+02 8.377765e+02 -1.207179e-04 8.377764e+02
-3.532663e-05 7.248183e+02 2.905853e+02 8.023927e+02 -1.173223e-04 8.023926e+02
-3.439399e-05 7.869472e+02 3.154933e+02 8.711711e+02 -1.142249e-04 8.711710e+02
-3.404608e-05 7.920151e+02 3.175251e+02 8.767813e+02 -1.130695e-04 8.767812e+02
-3.449362e-05 7.941384e+02 3.183763e+02 8.791319e+02 -1.145558e-04 8.791318e+02
-3.540639e-05 7.949626e+02 3.187067e+02 8.800443e+02 -1.175872e-04 8.800442e+02
-3.641545e-05 7.742221e+02 3.103917e+02 8.570840e+02 -1.209383e-04 8.570839e+02
-3.766721e-05 7.538048e+02 3.022062e+02 8.344815e+02 -1.250955e-04 8.344814e+02
-3.982099e-05 8.007842e+02 3.210407e+02 8.864890e+02 -1.322483e-04 8.864888e+02
-4.303479e-05 8.132120e+02 3.260231e+02 9.002469e+02 -1.429215e-04 9.002467e+02
-4.642956e-05 7.951813e+02 3.187944e+02 8.802864e+02 -1.541956e-04 8.802863e+02
-4.904028e-05 8.302211e+02 3.328422e+02 9.190764e+02 -1.628659e-04 9.190762e+02
-5.033452e-05 7.863099e+02 3.152378e+02 8.704655e+02 -1.671642e-04 8.704654e+02
-5.040350e-05 7.364553e+02 2.952507e+02 8.152752e+02 -1.673933e-04 8.152750e+02
-4.881832e-05 7.131335e+02 2.859008e+02 7.894574e+02 -1.621289e-04 7.894572e+02
-4.632588e-05 7.209543e+02 2.890362e+02 7.981152e+02 -1.538514e-04 7.981150e+02
-4.434964e-05 7.529504e+02 3.018637e+02 8.335357e+02 -1.472882e-04 8.335356e+02
-4.325316e-05 7.600905e+02 3.047262e+02 8.414400e+02 -1.436468e-04 8.414398e+02
-4.273653e-05 7.611257e+02 3.051413e+02 8.425860e+02 -1.419311e-04 8.425858e+02
-4.301660e-05 7.662838e+02 3.072092e+02 8.482961e+02 -1.428612e-04 8.482959e+02
-4.396287e-05 7.858663e+02 3.150600e+02 8.699745e+02 -1.460038e-04 8.699743e+02
-4.525125e-05 7.922354e+02 3.176134e+02 8.770253e+02 -1.502826e-04 8.770251e+02
-4.657665e-05 7.637499e+02 3.061933e+02 8.454910e+02 -1.546844e-04 8.454909e+02
-4.793049e-05 7.406263e+02 2.969229e+02 8.198926e+02 -1.591806e-04 8.198925e+02
-5.003396e-05 7.542088e+02 3.023682e+02 8.349287e+02 -1.661663e-04 8.349286e+02
-5.274155e-05 7.561589e+02 3.031501e+02 8.370876e+02 -1.751584e-04 8.370875e+02
-5.586323e-05 7.758974e+02 3.110634e+02 8.589387e+02 -1.855256e-04 8.589385e+02
-6.028125e-05 7.663157e+02 3.072220e+02 8.483315e+02 -2.001981e-04 8.483313e+02
-6.574972e-05 7.429421e+02 2.978513e+02 8.224562e+02 -2.183591e-04 8.224560e+02
-7.152246e-05 7.473548e+02 2.996204e+02 8.273412e+02 -2.375307e-04 8.273410e+02
-7.813726e-05 7.167437e+02 2.873482e+02 7.934540e+02 -2.594986e-04 7.934537e+02
-8.569654e-05 7.242980e+02 2.903768e+02 8.018168e+02 -2.846032e-04 8.018165e+02
-9.374276e-05 7.624472e+02 3.056711e+02 8.440489e+02 -3.113248e-04 8.440486e+02
-1.014763e-04 7.424375e+02 2.976490e+02 8.218976e+02 -3.370079e-04 8.218973e+02
-1.090869e-04 6.794650e+02 2.724029e+02 7.521855e+02 -3.622828e-04 7.521851e+02
-1.175101e-04 6.944376e+02 2.784055e+02 7.687605e+02 -3.902560e-04 7.687601e+02
-1.287267e-04 7.161054e+02 2.870923e+02 7.927473e+02 -4.275058e-04 7.927469e+02
-1.433698e-04 7.088413e+02 2.841800e+02 7.847058e+02 -4.761346e-04 7.847053e+02
-1.628794e-04 7.325265e+02 2.936756e+02 8.109259e+02 -5.409245e-04 8.109254e+02
-1.871625e-04 6.984249e+02 2.800040e+02 7.731746e+02 -6.215654e-04 7.731739e+02
-2.167714e-04 7.145506e+02 2.864689e+02 7.910261e+02 -7.198917e-04 7.910254e+02
-2.554944e-04 7.084610e+02 2.840276e+02 7.842848e+02 -8.484827e-04 7.842839e+02
-2.978591e-04 7.185077e+02 2.880554e+02 7.954067e+02 -9.891644e-04 7.954057e+02
-3.572154e-04 7.251140e+02 2.907039e+02 8.027201e+02 -1.186266e-03 8.027189e+02
-4.348423e-04 7.179127e+02 2.878169e+02 7.947481e+02 -1.444029e-03 7.947467e+02
-5.186902e-04 7.435016e+02 2.980756e+02 8.230756e+02 -1.722439e-03 8.230739e+02
-6.041567e-04 8.021205e+02 3.215764e+02 8.879683e+02 -2.006213e-03 8.879663e+02
-6.792222e-04 8.213815e+02 3.292983e+02 9.092907e+02 -2.255444e-03 9.092884e+02
-7.454042e-04 8.104516e+02 3.249164e+02 8.971911e+02 -2.475171e-03 8.971886e+02
-7.989824e-04 7.575020e+02 3.036885e+02 8.385744e+02 -2.653049e-03 8.385718e+02
-8.433576e-04 7.679189e+02 3.078647e+02 8.501062e+02 -2.800368e-03 8.501034e+02
-8.766379e-04 7.616997e+02 3.053714e+02 8.432214e+02 -2.910853e-03 8.432185e+02
-9.009325e-04 8.126948e+02 3.258157e+02 8.996744e+02 -2.991506e-03 8.996714e+02
-9.015502e-04 8.033020e+02 3.220501e+02 8.892762e+02 -2.993558e-03 8.892732e+02
-8.946072e-04 8.434876e+02 3.381608e+02 9.337627e+02 -2.970509e-03 9.337598e+02
-8.556002e-04 8.070847e+02 3.235666e+02 8.934638e+02 -2.841016e-03 8.934609e+02
-7.818881e-04 7.940646e+02 3.183467e+02 8.790502e+02 -2.596303e-03 8.790476e+02
-6.992681e-04 7.741604e+02 3.103670e+02 8.570158e+02 -2.322006e-03 8.570134e+02
-6.447627e-04 7.911978e+02 3.171974e+02 8.758766e+02 -2.141044e-03 8.758745e+02
-5.985155e-04 7.995049e+02 3.205278e+02 8.850728e+02 -1.987494e-03 8.850708e+02
-5.294812e-04 7.818867e+02 3.134645e+02 8.655690e+02 -1.758281e-03 8.655672e+02
-4.540314e-04 7.612051e+02 3.051731e+02 8.426738e+02 -1.507757e-03 8.426723e+02
-3.862832e-04 7.550457e+02 3.027037e+02 8.358552e+02 -1.282798e-03 8.358539e+02
-3.308140e-04 7.493449e+02 3.004183e+02 8.295443e+02 -1.098606e-03 8.295432e+02
-2.891269e-04 7.468171e+02 2.994049e+02 8.267460e+02 -9.601758e-04 8.267451e+02
-2.612987e-04 7.464629e+02 2.992628e+02 8.263538e+02 -8.677656e-04 8.263530e+02
-2.403203e-04 7.604033e+02 3.048517e+02 8.417863e+02 -7.981009e-04 8.417855e+02
-2.244919e-04 7.233672e+02 2.900036e+02 8.007864e+02 -7.455378e-04 8.007856e+02
-2.108263e-04 7.198927e+02 2.886106e+02 7.969400e+02 -7.001566e-04 7.969393e+02
-1.998227e-04 7.703600e+02 3.088434e+02 8.528086e+02 -6.636156e-04 8.528080e+02
-1.908396e-04 7.334076e+02 2.940289e+02 8.119014e+02 -6.337838e-04 8.119007e+02
-1.827345e-04 7.384488e+02 2.960499e+02 8.174820e+02 -6.068681e-04 8.174814e+02
-1.781921e-04 7.255404e+02 2.908748e+02 8.031921e+02 -5.917834e-04 8.031915e+02
-1.788424e-04 7.103516e+02 2.847855e+02 7.863777e+02 -5.939435e-04 7.863771e+02
-1.785110e-04 6.808889e+02 2.729737e+02 7.537617e+02 -5.928436e-04 7.537611e+02
-1.746152e-04 7.319074e+02 2.934274e+02 8.102406e+02 -5.799060e-04 8.102400e+02
-1.713895e-04 7.210240e+02 2.890642e+02 7.981923e+02 -5.691936e-04 7.981917e+02
-1.702182e-04 7.422109e+02 2.975582e+02 8.216468e+02 -5.653035e-04 8.216462e+02
-1.699646e-04 7.489959e+02 3.002783e+02 8.291580e+02 -5.644613e-04 8.291574e+02
-1.678137e-04 7.746405e+02 3.105594e+02 8.575472e+02 -5.573181e-04 8.575466e+02
-1.620445e-04 7.470897e+02 2.995141e+02 8.270477e+02 -5.381586e-04 8.270472e+02
-1.535551e-04 7.862039e+02 3.151953e+02 8.703482e+02 -5.099652e-04 8.703477e+02
-1.456820e-04 7.677809e+02 3.078094e+02 8.499535e+02 -4.838183e-04 8.499530e+02
-1.393387e-04 7.719036e+02 3.094622e+02 8.545174e+02 -4.627518e-04 8.545170e+02
-1.338480e-04 7.629401e+02 3.058687e+02 8.445946e+02 -4.445171e-04 8.445941e+02
-1.281989e-04 7.855043e+02 3.149148e+02 8.695737e+02 -4.257561e-04 8.695733e+02
-1.226696e-04 7.318279e+02 2.933956e+02 8.101526e+02 -4.073929e-04 8.101522e+02
-1.197561e-04 7.691681e+02 3.083655e+02 8.514891e+02 -3.977170e-04 8.514887e+02
-1.176638e-04 7.674363e+02 3.076713e+02 8.495720e+02 -3.907686e-04 8.495716e+02
-1.148766e-04 8.011008e+02 3.211676e+02 8.868395e+02 -3.815119e-04 8.868391e+02
-1.122201e-04 7.854366e+02 3.148877e+02 8.694988e+02 -3.726895e-04 8.694984e+02
-1.109294e-04 7.716723e+02 3.093695e+02 8.542613e+02 -3.684032e-04 8.542610e+02
-1.126372e-04 7.104280e+02 2.848162e+02 7.864623e+02 -3.740744e-04 7.864619e+02
-1.161006e-04 7.259554e+02 2.910412e+02 8.036516e+02 -3.855764e-04 8.036512e+02
-1.187711e-04 7.614878e+02 3.052864e+02 8.429869e+02 -3.944451e-04 8.429865e+02
-1.203044e-04 7.663090e+02 3.072193e+02 8.483240e+02 -3.995369e-04 8.483236e+02
-1.213044e-04 7.638642e+02 3.062392e+02 8.456176e+02 -4.028580e-04 8.456172e+02
-1.226449e-04 8.200403e+02 3.287606e+02 9.078060e+02 -4.073099e-04 9.078056e+02
-1.253918e-04 7.980238e+02 3.199340e+02 8.834331e+02 -4.164323e-04 8.834327e+02
-1.255443e-04 7.779718e+02 3.118950e+02 8.612351e+02 -4.169387e-04 8.612347e+02
-1.239048e-04 7.513567e+02 3.012248e+02 8.317715e+02 -4.114942e-04 8.317711e+02
-1.229394e-04 7.319758e+02 2.934549e+02 8.103163e+02 -4.082880e-04 8.103159e+02
-1.227314e-04 7.350355e+02 2.946815e+02 8.137034e+02 -4.075975e-04 8.137030e+02
-1.251549e-04 7.207874e+02 2.889693e+02 7.979305e+02 -4.156457e-04 7.979300e+02
-1.285044e-04 6.742934e+02 2.703295e+02 7.464603e+02 -4.267696e-04 7.464599e+02
-1.313045e-04 6.902586e+02 2.767301e+02 7.641343e+02 -4.360687e-04 7.641339e+02
-1.355217e-04 6.983729e+02 2.799832e+02 7.731170e+02 -4.500741e-04 7.731165e+02
-1.415611e-04 7.211264e+02 2.891052e+02 7.983057e+02 -4.701310e-04 7.983052e+02
-1.504470e-04 7.338669e+02 2.942130e+02 8.124098e+02 -4.996410e-04 8.124093e+02
-1.589628e-04 6.901102e+02 2.766706e+02 7.639699e+02 -5.279219e-04 7.639694e+02
-1.624898e-04 7.091169e+02 2.842905e+02 7.850109e+02 -5.396347e-04 7.850103e+02
-1.641521e-04 7.124040e+02 2.856084e+02 7.886498e+02 -5.451554e-04 7.886492e+02
-1.621624e-04 6.850074e+02 2.746248e+02 7.583210e+02 -5.385474e-04 7.583205e+02
-1.565285e-04 6.915139e+02 2.772333e+02 7.655239e+02 -5.198373e-04 7.655233e+02
-1.492618e-04 7.219885e+02 2.894509e+02 7.992601e+02 -4.957047e-04 7.992596e+02
-1.404747e-04 7.347365e+02 2.945616e+02 8.133724e+02 -4.665226e-04 8.133719e+02
-1.337737e-04 7.352833e+02 2.947809e+02 8.139778e+02 -4.442685e-04 8.139774e+02
-1.289879e-04 7.715532e+02 3.093217e+02 8.541295e+02 -4.283745e-04 8.541290e+02
-1.240975e-04 8.056846e+02 3.230053e+02 8.919138e+02 -4.121335e-04 8.919134e+02
-1.212448e-04 7.761538e+02 3.111662e+02 8.592225e+02 -4.026593e-04 8.592221e+02
-1.213013e-04 8.151041e+02 3.267817e+02 9.023415e+02 -4.028467e-04 9.023411e+02
-1.223796e-04 8.429423e+02 3.379422e+02 9.331590e+02 -4.064277e-04 9.331586e+02
-1.235525e-04 8.530238e+02 3.419839e+02 9.443195e+02 -4.103225e-04 9.443191e+02
-1.226551e-04 8.105428e+02 3.249530e+02 8.972919e+02 -4.073419e-04 8.972915e+02
-1.199938e-04 7.962504e+02 3.192231e+02 8.814700e+02 -3.985040e-04 8.814696e+02
-1.171657e-04 8.127568e+02 3.258406e+02 8.997429e+02 -3.891118e-04 8.997425e+02
-1.136324e-04 8.146779e+02 3.266108e+02 9.018697e+02 -3.773777e-04 9.018693e+02
-1.072040e-04 7.837300e+02 3.142035e+02 8.676095e+02 -3.560291e-04 8.676091e+02
-9.999722e-05 7.953505e+02 3.188623e+02 8.804737e+02 -3.320956e-04 8.804734e+02
-9.443967e-05 7.673372e+02 3.076315e+02 8.494623e+02 -3.136390e-04 8.494619e+02
-8.845020e-05 7.721173e+02 3.095479e+02 8.547539e+02 -2.937480e-04 8.547536e+02
-8.239919e-05 7.573873e+02 3.036425e+02 8.384475e+02 -2.736526e-04 8.384472e+02
-7.736014e-05 7.787006e+02 3.121872e+02 8.620418e+02 -2.569179e-04 8.620416e+02
-7.370413e-05 7.384492e+02 2.960501e+02 8.174825e+02 -2.447762e-04 8.174823e+02
-7.093575e-05 7.491983e+02 3.003595e+02 8.293821e+02 -2.355823e-04 8.293818e+02
-6.697933e-05 7.802457e+02 3.128066e+02 8.637523e+02 -2.224429e-04 8.637521e+02
-6.286669e-05 7.814010e+02 3.132698e+02 8.650312e+02 -2.087846e-04 8.650310e+02
-6.013692e-05 7.854311e+02 3.148855e+02 8.694927e+02 -1.997189e-04 8.694925e+02
-5.828380e-05 7.794301e+02 3.124797e+02 8.628495e+02 -1.935646e-04 8.628493e+02
-5.749096e-05 7.483013e+02 2.999999e+02 8.283890e+02 -1.909315e-04 8.283888e+02
-5.668816e-05 7.807300e+02 3.130008e+02 8.642885e+02 -1.882653e-04 8.642883e+02
-5.470999e-05 7.552958e+02 3.028040e+02 8.361322e+02 -1.816957e-04 8.361320e+02
-5.267409e-05 7.245617e+02 2.904825e+02 8.021086e+02 -1.749344e-04 8.021085e+02
-5.150723e-05 7.495662e+02 3.005070e+02 8.297893e+02 -1.710592e-04 8.297891e+02
-5.130541e-05 7.382306e+02 2.959624e+02 8.172405e+02 -1.703889e-04 8.172403e+02
-5.134997e-05 7.127030e+02 2.857282e+02 7.889808e+02 -1.705369e-04 7.889806e+02
-5.142791e-05 7.300180e+02 2.926699e+02 8.081489e+02 -1.707957e-04 8.081488e+02
-5.223015e-05 7.209567e+02 2.890372e+02 7.981179e+02 -1.734600e-04 7.981177e+02
-5.304943e-05 7.468233e+02 2.994073e+02 8.267529e+02 -1.761809e-04 8.267527e+02
-5.316661e-05 7.297622e+02 2.925674e+02 8.078658e+02 -1.765701e-04 8.078656e+02
-5.312506e-05 7.315008e+02 2.932644e+02 8.097905e+02 -1.764321e-04 8.097903e+02
-5.347116e-05 6.938476e+02 2.781689e+02 7.681073e+02 -1.775815e-04 7.681072e+02
-5.390945e-05 7.534363e+02 3.020585e+02 8.340736e+02 -1.790370e-04 8.340735e+02
-5.450582e-05 7.264988e+02 2.912591e+02 8.042531e+02 -1.810176e-04 8.042529e+02
-5.486602e-05 8.135543e+02 3.261603e+02 9.006258e+02 -1.822138e-04 9.006256e+02
-5.454772e-05 8.032344e+02 3.220230e+02 8.892015e+02 -1.811568e-04 8.892013e+02
-5.409071e-05 8.112966e+02 3.252552e+02 8.981265e+02 -1.796390e-04 8.981263e+02
-5.439277e-05 7.913497e+02 3.172583e+02 8.760447e+02 -1.806422e-04 8.760445e+02
-5.543087e-05 7.777946e+02 3.118239e+02 8.610388e+02 -1.840898e-04 8.610387e+02
-5.653713e-05 7.437353e+02 2.981693e+02 8.233343e+02 -1.877637e-04 8.233341e+02
-5.841346e-05 7.433094e+02 2.979986e+02 8.228628e+02 -1.939952e-04 8.228626e+02
-6.209037e-05 7.308576e+02 2.930065e+02 8.090784e+02 -2.062064e-04 8.090782e+02
-6.812680e-05 7.627576e+02 3.057955e+02 8.443926e+02 -2.262536e-04 8.443923e+02
-7.686596e-05 7.736120e+02 3.101471e+02 8.564086e+02 -2.552766e-04 8.564084e+02
-8.734045e-05 7.559998e+02 3.030862e+02 8.369114e+02 -2.900626e-04 8.369112e+02
-9.826494e-05 7.404714e+02 2.968608e+02 8.197211e+02 -3.263429e-04 8.197208e+02
-1.100795e-04 7.271837e+02 2.915337e+02 8.050113e+02 -3.655789e-04 8.050109e+02
-1.227632e-04 7.488954e+02 3.002380e+02 8.290467e+02 -4.077013e-04 8.290463e+02
-1.338432e-04 7.597985e+02 3.046092e+02 8.411167e+02 -4.444975e-04 8.411162e+02
-1.397975e-04 8.047733e+02 3.226399e+02 8.909050e+02 -4.642711e-04 8.909045e+02
-1.421729e-04 7.975354e+02 3.197382e+02 8.828925e+02 -4.721597e-04 8.828920e+02
-1.436827e-04 7.850365e+02 3.147273e+02 8.690558e+02 -4.771736e-04 8.690554e+02
-1.467067e-04 8.044135e+02 3.224957e+02 8.905067e+02 -4.872161e-04 8.905062e+02
-1.562500e-04 8.032394e+02 3.220250e+02 8.892069e+02 -5.189084e-04 8.892064e+02
-1.746450e-04 8.557582e+02 3.430802e+02 9.473466e+02 -5.799965e-04 9.473460e+02
-2.029905e-04 8.340746e+02 3.343871e+02 9.233423e+02 -6.741281e-04 9.233416e+02
-2.378982e-04 8.008110e+02 3.210514e+02 8.865187e+02 -7.900501e-04 8.865179e+02
-2.756592e-04 7.632344e+02 3.059867e+02 8.449203e+02 -9.154452e-04 8.449194e+02
-3.204107e-04 7.356761e+02 2.949383e+02 8.144125e+02 -1.064052e-03 8.144115e+02
-3.842768e-04 7.789999e+02 3.123072e+02 8.623732e+02 -1.276126e-03 8.623719e+02
-4.774486e-04 7.652347e+02 3.067886e+02 8.471347e+02 -1.585501e-03 8.471331e+02
-5.896539e-04 7.596411e+02 3.045461e+02 8.409425e+02 -1.958056e-03 8.409405e+02
-7.654159e-04 7.544204e+02 3.024531e+02 8.351630e+02 -2.541596e-03 8.351605e+02
-1.132304e-03 7.101983e+02 2.847241e+02 7.862080e+02 -3.759518e-03 7.862042e+02
-1.695433e-03 6.967810e+02 2.793450e+02 7.713547e+02 -5.628441e-03 7.713491e+02
-2.196312e-03 7.041730e+02 2.823085e+02 7.795378e+02 -7.290321e-03 7.795305e+02
